326 715
808 335
187 554
417 757
962 462
140 271
819 286
189 181
137 622
216 385
325 929
26 950
182 676
324 517
388 372
60 33
333 690
358 748
506 574
541 699
307 386
204 735
885 229
419 430
480 371
9 807
87 239
701 444
819 827
909 233
888 829
3 496
421 12
724 983
669 270
510 228
601 839
434 857
390 277
600 750
567 590
192 582
638 755
97 619
493 978
739 733
131 826
90 260
48 627
168 673
514 262
282 210
863 434
513 574
953 993
553 759
583 600
607 691
148 116
115 810
578 104
605 334
190 301
213 497
875 53
255 878
940 701
731 943
169 651
462 23
613 669
293 590
912 621
121 846
59 266
266 847
360 506
86 816
855 321
619 485
610 643
610 761
537 921
85 616
493 688
805 233
171 940
974 674
174 551
207 892
208 277
821 213
582 228
683 656
768 205
309 557
790 47
704 88
883 474
670 698
224 181
586 329
744 868
915 204
481 881
970 462
954 325
709 599
850 504
175 907
231 621
452 659
405 99
743 204
845 830
369 915
733 514
518 425
16 209
119 265
313 645
845 571
817 353
871 841
239 810
897 290
506 356
728 308
208 415
680 133
997 303
164 120
117 50
762 64
475 266
922 848
943 498
862 552
362 588
343 160
879 973
561 326
113 245
506 259
176 752
974 733
456 931
587 191
421 165
925 953
175 289
470 667
165 945
18 728
233 107
628 619
458 579
598 951
88 955
360 534
943 799
74 398
674 733
534 786
186 693
78 779
849 406
352 356
586 723
627 440
50 250
402 266
440 909
729 866
21 823
563 60
842 902
283 88
348 556
16 486
779 681
966 186
613 693
236 458
102 546
445 632
987 142
97 346
455 951
126 569
692 499
284 297
677 376
42 632
981 816
602 297
763 660
599 772
804 167
830 524
459 373
502 341
123 734
534 581
883 159
49 510
769 747
438 611
517 483
740 277
616 720
103 255
46 622
231 854
318 937
262 960
251 828
795 981
267 671
270 468
617 279
627 972
30 451
21 105
583 874
485 855
14 926
772 178
20 328
869 738
543 36
814 358
985 857
291 978
690 343
163 532
973 757
792 515
191 901
816 340
946 657
941 727
418 986
754 148
631 525
713 487
358 334
186 483
78 839
826 587
362 754
390 774
704 154
710 685
13 551
444 572
968 753
167 977
848 3
593 234
406 787
624 684
29 450
215 903
328 234
159 893
971 216
615 565
198 630
350 457
494 778
875 128
332 507
914 933
229 480
763 871
909 208
280 591
702 978
408 661
952 309
926 736
627 511
226 16
117 461
602 819
158 843
573 782
105 978
207 451
759 437
525 632
706 759
66 293
697 624
590 481
776 991
165 441
335 974
564 812
260 55
216 582
847 231
172 482
273 164
61 701
198 403
586 651
889 651
53 155
718 205
646 566
492 685
648 497
97 380
692 791
916 860
716 562
741 81
176 511
736 534
38 700
944 159
781 703
247 109
935 914
890 989
294 629
484 319
885 752
106 388
882 73
460 154
274 868
281 668
512 760
78 489
950 185
11 153
744 916
9 520
780 278
975 666
216 231
823 216
851 328
148 325
247 953
119 172
23 948
48 209
354 170
475 767
707 831
663 174
997 102
295 866
299 645
431 852
190 396
594 989
454 230
684 386
993 656
520 789
823 597
832 60
266 34
88 112
11 899
327 510
103 167
492 279
103 683
367 283
233 183
635 951
437 868
775 667
285 321
650 521
37 300
491 37
171 343
749 725
827 442
372 616
463 528
397 586
43 553
273 192
171 28
670 881
213 175
781 579
374 449
956 995
63 781
338 619
381 867
390 752
452 0
790 74
214 431
513 384
861 921
315 428
808 398
651 424
164 208
3 521
475 771
19 767
118 896
560 419
925 847
370 95
864 460
639 100
637 146
439 899
597 637
789 942
630 511
102 810
345 526
772 999
475 558
515 803
382 636
680 959
467 639
577 361
711 185
562 751
623 950
877 611
307 40
846 676
384 28
457 147
331 394
339 186
454 493
63 930
991 634
300 773
381 191
248 784
579 425
302 692
658 706
194 675
206 991
169 459
61 271
141 687
473 668
140 735
293 115
309 547
577 291
208 429
189 369
704 559
417 30
170 792
451 747
144 302
134 987
163 794
628 581
159 532
980 806
725 312
133 890
109 126
901 967
96 780
643 6
780 838
47 121
635 464
362 789
815 101
655 193
323 254
538 611
389 693
984 810
12 475
654 875
722 336
792 949
236 78
226 418
174 100
948 435
964 127
416 844
831 617
249 938
310 344
655 437
61 481
912 529
466 938
599 348
641 632
309 463
125 639
805 561
33 843
751 153
424 445
270 389
940 777
290 545
844 669
137 530
989 660
872 919
952 796
896 228
169 638
579 321
471 704
902 431
39 930
612 220
609 490
624 128
909 929
175 275
250 78
608 181
162 173
924 21
163 615
303 926
637 576
122 603
426 207
615 856
157 528
878 250
410 937
640 768
622 230
345 965
595 781
778 866
628 269
923 1
79 775
875 438
251 328
184 548
431 961
250 365
97 614
190 402
312 384
949 229
713 828
75 457
23 815
521 219
682 39
260 277
289 348
884 791
277 959
438 6
959 238
654 930
40 687
195 723
957 729
257 683
261 713
784 888
694 637
840 526
145 318
499 170
343 984
181 172
137 831
443 323
259 40
320 156
300 50
811 88
786 742
966 231
330 132
21 501
884 205
383 245
367 575
121 250
127 11
394 766
353 604
185 274
934 148
799 139
681 874
888 867
658 644
787 684
308 140
490 658
116 273
435 30
49 836
606 682
652 373
668 690
361 897
801 935
667 431
618 514
71 723
746 37
122 928
492 681
386 517
539 210
222 649
580 309
846 770
105 777
889 387
887 883
437 391
95 806
482 727
752 879
230 460
879 861
777 863
250 365
349 939
431 55
483 181
167 630
214 775
81 695
844 92
436 222
712 428
978 916
191 799
350 490
737 951
102 549
437 585
396 522
398 205
164 164
770 438
422 754
773 111
702 797
503 645
281 888
245 832
657 796
170 989
892 57
883 671
284 236
204 914
712 135
370 55
127 868
184 550
134 70
506 828
381 283
154 764
978 540
124 511
717 210
273 553
811 313
710 742
505 276
195 711
159 352
803 864
106 752
518 878
2 437
129 929
62 457
476 75
134 739
359 897
387 538
928 72
537 605
991 281
378 877
956 226
3 230
19 595
990 306
297 882
836 734
556 970
411 179
472 504
906 848
745 543
377 783
252 828
49 116
188 601
992 757
756 82
0 253
245 995
159 674
63 758
486 279
575 67
887 59
799 475
234 809
737 307
488 434
690 823
342 118
287 677
609 666
548 482
663 660
331 144
1 760
949 644
765 958
405 566
587 98
928 215
399 811
877 433
637 1000
286 678
43 918
236 978
96 722
196 466
224 159
279 225
955 749
537 300
465 366
590 715
473 609
576 74
943 114
423 707
314 729
199 545
501 575
788 998
553 107
517 175
245 185
135 397
246 385
527 620
402 940
799 576
946 694
834 328
556 391
383 158
896 557
956 120
823 39
654 941
536 98
168 982
297 574
302 298
839 164
838 835
981 192
547 59
387 853
663 747
677 859
886 954
904 803
670 496
588 354
399 294
806 922
708 625
640 602
350 211
632 99
42 123
598 353
284 323
537 340
335 48
239 381
471 186
158 577
646 412
630 739
315 230
503 292
678 574
699 951
546 299
899 859
592 501
529 766
456 544
964 553
560 734
742 465
39 859
542 576
433 541
230 550
732 670
906 175
981 977
6 195
368 690
521 965
372 219
948 719
519 611
972 1000
676 642
820 132
548 563
631 919
58 818
232 521
800 106
62 918
680 645
443 413
624 199
341 529
342 168
286 587
531 847
437 948
991 331
392 660
201 374
948 369
976 876
129 651
899 469
893 550
864 915
244 156
388 852
27 439
923 757
44 624
371 356
733 417
962 956
442 914
571 438
877 106
799 252
577 359
394 32
699 251
602 245
861 545
971 904
705 707
667 670
559 12
898 391
819 171
487 263
844 770
47 707
980 727
476 452
273 181
320 962
636 506
424 511
345 984
862 881
259 798
930 427
892 810
582 251
821 39
819 250
184 428
470 32
927 354
635 968
973 192
891 585
856 231
454 330
854 76
490 18
830 233
184 978
1000 5
570 331
525 741
672 84
350 376
517 921
533 735
760 794
199 216
758 595
269 951
138 629
376 328
364 645
362 196
485 132
866 601
605 61
52 716
278 766
593 600
917 467
102 79
523 30
77 228
972 366
541 674
392 35
893 768
787 218
421 166
182 250
280 547
351 667
22 205
946 218
259 953
957 46
562 711
731 265
448 318
563 979
783 87
81 645
148 456
946 225
183 598
309 830
364 695
666 289
697 699
800 430
449 512
937 632
360 567
501 41
957 284
899 510
116 903
119 208
133 981
391 521
171 304
616 919
869 785
839 67
811 734
560 551
810 794
200 235
688 301
749 276
840 755
307 600
59 102
721 91
916 310
896 682
114 422
905 967
97 193
