8 749
197 371
3 543
156 173
298 266
845 753
807 392
35 825
851 204
386 632
978 335
456 948
425 777
874 598
401 12
653 860
695 778
835 323
948 559
158 610
106 660
624 525
455 996
590 894
536 46
558 563
635 242
202 183
615 643
361 433
731 866
103 680
590 927
995 108
946 633
790 859
858 792
824 948
279 683
155 457
623 921
706 851
636 577
774 628
952 302
0 451
525 364
678 813
806 199
1000 537
227 773
845 594
473 647
727 226
436 820
201 294
533 111
283 413
488 219
904 990
757 137
133 942
337 956
570 92
81 534
259 680
804 687
364 784
301 188
953 34
512 27
475 735
726 441
836 42
296 27
433 99
114 97
751 615
97 669
898 231
780 77
285 512
318 483
116 273
394 745
936 852
308 125
263 21
210 488
862 310
194 393
563 456
575 431
320 795
894 38
170 697
941 636
832 196
106 589
417 927
273 398
417 610
220 938
977 972
373 440
453 128
346 197
157 914
682 981
293 564
267 946
467 901
477 594
920 920
198 429
159 388
973 623
981 127
845 799
646 340
851 793
225 257
312 501
127 498
155 695
131 676
380 4
539 448
882 908
879 494
694 402
737 437
193 694
490 878
18 757
455 459
242 280
705 625
550 509
792 285
1000 290
30 190
482 788
449 118
975 450
524 991
28 238
881 932
34 245
943 449
413 311
107 892
592 446
428 688
160 433
312 702
381 243
464 756
189 644
150 918
780 580
74 989
328 422
688 707
795 463
336 892
708 325
780 853
59 13
7 493
693 650
361 644
382 259
100 779
630 78
324 897
90 758
587 614
608 395
744 951
893 504
872 237
130 351
107 387
968 737
652 671
644 359
185 452
107 297
967 28
575 73
983 489
712 259
531 491
939 433
196 225
423 303
203 935
283 74
518 147
940 537
708 80
189 59
67 631
670 85
199 643
940 590
913 724
433 505
257 387
343 89
672 840
707 749
556 315
205 887
210 705
804 337
826 736
522 970
10 313
575 92
744 696
764 10
409 115
150 634
234 599
258 272
193 847
89 687
849 423
730 930
577 894
661 221
960 801
563 993
238 487
91 449
725 73
392 753
710 753
308 972
289 746
149 605
623 379
877 125
90 994
428 188
243 647
868 649
632 982
432 957
494 812
1 761
699 306
501 205
658 62
155 885
197 176
184 572
387 575
940 322
685 933
182 100
123 655
988 495
226 102
982 156
824 426
22 52
149 492
832 545
792 982
286 647
109 517
716 376
179 628
562 152
42 864
35 49
600 583
970 327
763 858
629 888
809 610
394 129
571 559
537 862
561 787
614 334
625 7
442 550
347 240
702 402
268 608
33 972
228 998
147 381
540 336
708 718
744 925
736 418
174 540
59 960
784 282
994 325
767 275
418 427
771 993
822 192
238 935
556 848
715 652
477 537
875 471
621 13
318 28
650 309
383 725
734 776
183 51
80 674
59 848
287 999
757 756
8 515
673 921
361 760
116 470
539 209
918 561
181 996
33 462
137 745
891 11
529 644
735 282
252 213
577 758
171 461
407 695
118 483
10 272
582 15
127 183
854 398
659 143
281 959
54 105
240 164
272 19
852 832
568 582
913 86
957 727
738 563
625 289
996 677
426 67
66 973
467 911
749 690
669 346
939 3
751 181
953 136
709 492
380 269
622 794
223 122
257 170
352 928
449 165
14 951
725 746
3 631
925 88
251 745
119 407
743 773
751 53
987 522
138 282
897 31
474 232
243 720
16 563
687 80
752 973
561 463
258 729
510 785
632 626
950 601
717 938
557 526
352 923
86 57
396 482
251 44
118 471
245 408
966 491
398 137
79 412
546 8
425 836
133 783
41 256
762 338
459 737
187 941
415 251
25 841
339 30
40 238
638 736
639 651
933 495
120 43
78 315
832 703
83 533
685 442
361 50
236 94
751 342
130 573
424 334
16 806
668 471
263 62
268 110
476 739
237 748
451 969
415 165
317 630
357 619
728 620
127 683
88 347
125 380
891 158
271 492
791 211
91 891
933 983
494 812
778 916
561 713
442 113
863 847
585 108
391 428
969 92
276 75
812 73
139 223
707 647
960 96
114 129
758 834
93 396
812 764
582 661
394 484
358 952
572 848
269 608
467 895
765 109
874 188
857 639
681 388
321 151
233 797
615 618
975 609
77 525
562 151
790 405
449 926
400 702
199 3
825 590
36 821
517 495
267 816
797 694
48 681
768 478
948 994
268 299
94 69
157 126
825 287
410 563
390 774
453 877
815 461
22 422
765 745
705 263
79 452
686 998
252 877
945 772
784 827
803 270
465 789
134 232
618 542
770 687
825 918
289 126
239 216
972 719
889 689
385 209
127 648
311 515
515 143
100 472
216 176
599 32
702 786
936 221
861 768
344 67
30 327
46 771
214 35
352 521
507 920
459 216
248 848
230 1
584 847
512 516
542 418
729 971
717 854
73 2
978 105
563 696
59 814
213 203
990 234
50 189
352 734
529 145
298 352
471 276
919 407
581 303
273 788
695 333
61 330
431 436
991 849
993 132
305 257
654 798
665 901
167 806
782 101
998 251
856 515
854 718
662 892
68 985
704 783
151 499
886 195
157 17
140 977
261 644
383 421
546 14
159 849
227 211
379 12
475 399
322 120
832 196
229 399
583 226
760 604
210 465
266 824
351 382
213 315
137 214
362 640
854 77
450 912
149 931
436 953
269 517
801 774
549 282
57 513
85 745
791 787
837 760
772 745
343 25
693 102
55 198
468 970
922 591
231 856
141 126
866 979
53 720
305 883
978 445
928 831
472 732
730 392
324 806
915 107
306 39
590 328
957 855
175 202
385 350
604 670
518 448
464 874
924 798
199 709
561 443
440 626
198 616
246 352
376 990
847 997
974 599
990 472
272 832
317 147
325 547
80 24
525 936
891 842
992 121
921 880
424 175
723 218
711 429
469 840
746 379
677 392
346 397
291 484
748 249
204 655
250 116
982 385
924 376
948 718
191 21
901 13
67 623
696 789
659 72
901 682
241 298
453 511
847 979
220 191
683 793
109 660
532 634
356 136
881 432
409 852
324 392
635 903
639 913
710 587
612 865
724 155
865 697
269 930
163 336
245 906
627 570
889 666
279 576
874 768
581 113
862 974
60 900
613 1000
358 338
244 270
984 989
875 47
76 98
364 926
325 33
649 351
57 141
615 521
380 750
160 223
455 523
711 955
297 619
802 771
562 750
47 859
625 32
334 86
810 779
513 267
122 704
345 296
917 150
340 771
574 932
377 729
364 461
734 463
346 928
874 951
820 759
910 455
464 916
564 666
639 278
347 492
741 194
696 409
6 740
496 222
812 269
691 411
301 318
62 49
229 496
990 511
829 139
513 71
434 792
316 844
580 791
742 157
916 109
65 45
286 905
702 141
711 953
891 595
465 375
398 871
180 427
802 901
124 347
472 722
493 293
785 329
446 219
90 224
324 736
286 435
136 362
239 512
127 500
306 135
105 300
114 440
785 181
717 778
753 508
109 865
840 938
41 972
518 380
756 4
519 621
604 683
545 442
488 227
779 971
99 172
76 928
772 854
759 508
675 322
951 547
225 38
551 139
514 8
95 604
589 650
676 970
541 985
801 92
15 252
522 846
618 400
359 393
843 118
259 793
896 179
55 975
782 537
556 779
201 722
24 768
71 754
674 925
294 302
545 754
684 201
396 841
202 688
699 432
693 763
79 58
119 741
954 252
605 304
661 53
680 219
186 47
342 111
852 70
863 644
749 22
451 317
661 226
794 72
843 687
781 738
440 741
204 309
835 435
882 641
893 789
748 159
591 843
404 835
284 826
134 872
319 761
821 584
467 644
353 812
693 916
174 752
222 29
770 738
331 774
942 396
326 522
541 760
44 684
611 283
797 360
47 962
356 643
236 855
110 940
328 676
354 951
246 756
454 200
866 437
198 255
838 188
354 366
98 371
232 142
735 406
267 330
887 536
207 357
806 238
97 296
96 596
749 529
228 355
895 32
695 353
554 662
108 497
538 970
813 888
655 521
674 258
529 83
218 404
141 668
926 839
991 658
308 845
833 80
342 287
599 444
173 381
863 247
267 481
552 337
39 673
8 331
829 892
434 451
109 11
951 381
84 858
110 600
261 128
612 579
762 149
497 846
322 693
165 484
593 865
158 371
353 454
226 279
538 973
618 118
274 588
589 94
130 190
401 259
149 490
297 755
81 282
433 298
268 699
184 336
630 841
211 59
585 32
511 6
321 619
721 244
597 763
347 97
124 81
189 430
751 178
284 913
27 327
68 951
832 740
376 225
432 950
612 525
259 691
426 706
866 400
37 359
313 465
586 0
304 995
833 12
22 281
292 496
44 960
613 90
56 471
380 816
338 894
337 90
702 513
860 463
124 260
640 193
327 164
287 965
370 248
99 720
323 388
21 713
38 100
417 752
41 417
657 239
270 225
272 912
992 239
453 499
111 260
241 444
72 510
825 826
524 607
264 878
310 527
768 798
928 509
150 379
945 326
758 990
277 815
734 634
475 21
278 897
93 69
629 466
368 841
567 248
527 53
960 40
203 716
588 481
832 30
516 198
902 346
467 681
433 98
63 989
706 217
667 511
502 801
822 513
971 606
179 839
298 753
243 780
383 651
176 139
156 636
432 514
324 158
588 175
19 42
610 885
527 354
606 886
391 470
981 483
242 425
133 701
767 752
643 491
366 63
387 976
766 785
583 6
89 928
924 545
795 382
836 429
513 343
566 706
954 163
215 710
801 197
414 946
867 11
533 816
352 661
966 970
924 493
362 416
97 235
303 7
585 592
980 519
962 268
985 420
323 717
89 300
591 745
533 682
392 360
67 455
558 268
938 301
543 778
608 359
102 239
691 382
756 598
639 302
962 318
222 149
181 775
620 67
908 67
220 472
939 300
777 100
985 513
215 426
634 112
120 425
60 63
986 843
606 233
266 550
135 787
79 591
29 934
449 607
110 294
797 777
247 185
797 113
894 636
755 28
905 246
659 219
391 559
156 809
729 518
875 301
684 248
422 534
752 665
11 714
664 536
954 105
945 545
979 970
891 573
716 428
76 251
519 685
132 50
666 725
978 296
88 427
439 148
965 664
421 533
534 585
529 227
457 233
892 783
548 262
315 741
470 814
374 36
355 37
961 342
574 560
44 923
485 743
53 559
764 389
293 696
451 600
929 28
177 785
173 70
895 734
298 743
701 299
848 669
17 438
864 352
218 142
378 620
479 981
623 149
808 937
715 204
67 684
753 732
271 214
594 200
397 739
97 572
885 14
883 787
515 411
280 581
436 792
167 164
790 579
933 935
354 692
925 761
977 759
264 226
584 303
928 446
860 960
590 827
971 502
751 213
707 897
126 373
756 500
92 539
858 905
299 616
764 685
818 335
668 211
927 992
168 760
576 101
298 614
447 908
822 848
201 374
510 716
431 341
803 529
68 300
131 394
657 871
904 619
961 311
45 50
229 139
194 677
257 658
63 5
886 369
628 466
982 193
220 449
506 182
230 427
176 663
552 274
814 47
399 423
765 859
885 609
618 857
822 486
236 315
711 985
998 345
592 135
182 182
123 63
554 359
740 93
628 24
765 627
806 15
145 882
766 595
188 257
340 539
826 88
28 693
256 915
276 164
19 240
484 35
998 779
743 161
514 683
94 421
562 650
669 540
126 156
144 945
935 219
563 315
892 651
112 652
720 321
970 766
399 603
715 745
894 752
260 529
321 127
792 635
413 780
506 733
969 124
97 178
55 503
40 846
901 931
987 780
727 338
492 197
891 906
328 76
542 276
895 184
13 764
926 782
510 94
887 210
31 189
719 761
969 279
862 962
175 449
202 993
510 109
571 109
926 193
874 959
128 525
835 962
146 406
180 369
642 820
63 592
263 970
12 780
931 964
917 532
478 974
892 629
409 556
964 441
628 941
86 470
75 755
919 504
317 695
0 153
58 358
891 60
273 603
51 972
893 599
537 56
877 53
662 794
459 352
289 792
337 478
329 544
843 481
681 427
579 940
259 351
271 85
456 905
940 180
38 978
860 973
742 585
26 23
561 198
505 795
51 529
28 362
812 555
335 450
524 665
103 345
21 118
741 883
339 14
155 722
438 304
278 599
859 266
263 385
389 198
930 127
271 528
660 949
346 356
221 285
713 19
46 827
52 604
256 171
589 815
601 241
477 713
270 578
847 72
25 253
405 992
673 719
507 436
839 418
518 975
371 21
504 599
16 382
329 472
91 503
116 359
842 39
169 791
259 506
78 596
447 834
473 912
501 606
155 816
650 828
671 760
83 669
426 472
548 624
809 112
117 492
981 790
166 64
772 421
289 995
26 172
777 865
303 612
967 201
89 864
385 762
435 886
971 956
344 522
57 244
457 49
640 641
174 481
266 461
960 867
418 319
98 157
772 386
79 888
302 842
481 596
240 804
102 255
369 419
326 631
25 286
348 170
135 42
961 467
27 727
60 827
643 476
601 834
630 397
436 89
940 803
460 367
519 800
685 625
503 679
27 2
922 692
146 548
937 645
450 861
855 826
242 12
60 39
350 844
450 740
670 546
937 267
343 175
974 612
294 798
604 926
482 179
493 300
151 40
662 367
404 753
735 713
17 349
91 78
54 74
784 78
863 769
741 47
807 836
217 554
27 254
579 896
768 384
796 520
776 498
360 88
152 268
590 330
496 788
821 988
755 20
18 966
818 378
920 254
796 854
194 658
915 131
991 809
71 556
100 675
467 747
154 881
751 230
352 669
58 422
18 478
332 714
241 672
508 911
944 175
669 284
165 714
669 139
396 58
741 879
349 915
125 986
233 428
489 985
187 198
712 590
995 274
279 636
749 432
539 555
249 560
218 109
31 210
789 925
978 565
842 99
142 742
750 863
953 937
861 211
212 93
719 197
989 136
636 224
970 563
917 708
912 340
998 34
235 656
279 106
458 870
463 494
110 522
788 646
92 911
849 233
197 756
368 337
688 670
276 234
973 515
68 265
779 937
479 450
565 55
124 624
766 840
3 929
876 143
513 625
460 770
954 901
533 210
400 726
207 832
923 206
440 798
380 449
126 469
612 622
278 961
277 390
620 91
769 920
260 800
310 976
987 710
580 301
780 809
990 60
914 404
891 822
366 131
458 428
418 457
257 677
529 900
260 106
232 41
527 437
273 89
47 379
616 110
876 294
897 711
611 555
396 804
221 468
410 421
148 243
719 95
887 50
590 40
235 390
273 780
622 714
907 336
845 240
517 121
412 721
651 964
281 184
605 412
996 130
443 246
32 993
632 386
944 296
776 148
435 896
259 655
185 958
360 422
848 834
455 68
37 66
840 629
589 765
728 624
137 583
82 304
329 265
76 176
964 875
935 396
11 813
680 600
146 696
884 497
35 789
596 475
441 662
839 829
854 863
226 854
415 869
600 421
431 417
575 193
301 669
577 715
694 55
218 293
419 127
389 832
673 845
311 568
239 182
331 575
79 403
718 128
916 767
568 280
32 300
287 876
60 892
439 315
808 354
184 898
924 379
783 174
267 304
783 165
869 173
450 618
40 798
524 630
677 819
303 325
1 57
957 121
306 498
115 339
965 686
151 44
394 796
613 228
68 827
448 130
565 341
135 12
772 622
171 545
178 526
124 846
254 180
641 687
546 356
187 488
163 835
94 345
982 85
454 838
896 714
210 137
509 164
609 946
570 295
156 286
284 181
229 413
902 422
183 14
836 92
614 795
431 690
615 498
455 690
873 48
169 958
379 940
403 752
900 663
996 218
851 193
814 907
805 962
403 262
54 209
382 552
480 557
680 579
156 672
921 793
945 18
190 121
658 485
634 158
601 891
675 610
102 799
744 921
596 937
754 216
470 516
834 440
412 571
53 832
718 889
110 385
116 172
546 825
628 595
874 14
473 299
572 616
488 329
582 916
161 30
355 475
410 620
297 939
995 52
945 914
355 606
300 38
367 949
90 6
963 104
635 195
478 202
299 537
595 698
255 447
130 496
166 32
49 408
49 582
905 650
82 323
161 407
181 235
882 21
854 408
488 749
782 664
512 278
502 890
750 799
63 261
299 468
89 640
697 357
190 10
639 327
258 330
46 874
540 916
16 852
947 788
190 628
587 420
187 405
735 882
883 620
298 741
930 777
858 449
141 490
348 66
342 219
614 163
511 925
831 422
125 652
591 944
370 560
402 171
942 304
758 377
442 978
351 58
439 951
55 476
732 293
246 523
599 635
486 13
899 952
184 724
61 891
502 429
676 927
934 508
720 86
668 832
974 232
205 711
166 459
769 313
127 549
919 386
739 556
808 494
115 738
788 297
157 177
814 318
318 601
619 840
947 490
695 957
224 275
758 389
518 375
181 62
908 870
172 578
570 176
804 833
302 182
875 687
375 840
742 58
833 172
612 124
400 39
192 96
292 626
893 280
174 261
408 109
997 906
24 306
305 637
127 237
162 865
65 555
257 808
680 537
882 170
959 960
323 98
147 990
795 976
189 913
122 899
176 933
472 690
679 35
343 108
613 883
968 779
392 405
82 363
209 8
779 555
810 625
883 223
675 465
836 490
335 47
22 608
552 447
791 701
350 700
975 5
910 99
825 527
185 267
189 252
242 794
28 897
462 877
112 618
791 333
653 414
150 238
921 46
191 228
704 582
389 215
958 85
39 24
965 806
805 452
327 944
758 267
497 572
525 69
245 950
649 271
658 676
129 451
77 247
37 472
242 582
651 348
843 799
278 786
292 916
316 457
30 755
734 140
550 213
622 527
328 365
429 873
201 754
962 198
660 302
17 846
992 477
371 379
730 283
288 836
657 784
256 141
598 284
955 565
194 142
14 37
730 952
524 71
902 801
408 343
111 999
315 634
45 405
18 896
123 763
252 980
748 105
549 18
415 64
447 306
945 897
638 183
981 930
516 954
746 552
427 97
385 585
392 537
720 621
154 662
419 86
320 296
398 57
10 336
640 604
466 197
983 892
681 398
524 490
869 649
955 14
877 111
898 878
150 462
581 308
634 986
93 11
730 512
348 633
635 949
6 653
376 103
907 273
249 299
978 644
355 824
24 303
196 814
328 614
300 296
353 396
89 492
749 405
322 182
994 28
612 766
119 783
665 484
401 573
924 653
139 273
550 515
730 247
898 540
600 320
758 82
760 368
367 664
688 486
820 916
852 834
859 654
893 683
18 632
673 947
820 327
809 556
13 112
390 254
238 947
866 229
920 678
713 54
695 764
902 971
657 208
410 589
906 537
384 121
19 896
126 113
714 64
59 538
551 452
281 217
540 177
863 266
962 314
773 944
166 815
295 385
114 617
488 757
528 505
282 807
479 82
993 275
295 870
256 641
297 732
190 719
887 632
497 26
375 827
498 260
881 556
774 695
68 410
731 63
958 595
920 163
971 701
260 666
813 501
680 47
95 856
788 503
166 610
652 621
398 497
954 347
171 427
963 836
946 988
319 903
613 470
906 785
952 187
963 161
707 345
762 559
307 415
271 490
302 387
44 558
566 421
68 84
629 445
462 559
971 915
426 596
971 724
722 101
444 379
686 437
195 417
714 132
442 609
815 245
580 377
673 196
611 203
200 649
282 962
700 922
123 275
473 763
852 437
646 773
281 334
325 525
32 537
514 349
836 197
767 680
979 494
378 646
814 790
345 744
719 372
204 747
486 12
574 776
656 323
645 669
168 135
890 774
103 679
139 683
168 830
741 769
671 433
419 598
629 340
647 879
995 646
585 668
119 425
249 333
770 398
277 445
308 882
48 775
566 358
810 503
412 486
501 282
425 390
795 410
142 493
307 226
505 252
587 138
837 505
641 595
805 503
924 839
260 360
556 440
558 17
912 711
437 394
687 685
291 225
248 343
563 199
400 195
79 192
909 816
590 144
647 502
79 566
807 685
70 151
726 189
358 537
963 557
147 64
872 719
882 561
396 259
763 726
701 848
430 647
107 970
536 305
109 955
693 787
223 419
450 431
364 307
242 527
991 503
771 416
959 545
922 849
189 549
668 346
748 99
12 85
56 634
302 732
4 141
960 11
397 299
925 707
547 232
862 501
218 950
259 350
428 179
106 618
288 836
993 0
68 246
694 671
396 750
669 719
956 854
937 101
510 876
924 494
406 399
226 937
936 470
261 940
148 637
779 424
348 908
3 578
367 884
707 321
825 60
730 995
703 442
847 189
187 349
587 634
72 423
512 847
715 570
901 763
573 766
396 258
862 551
507 463
499 784
285 23
203 86
159 350
669 502
984 657
409 289
98 896
971 737
443 278
777 290
157 427
261 620
668 42
883 682
654 679
838 800
351 984
943 912
551 244
818 325
163 167
395 677
914 832
513 469
984 603
360 963
499 839
633 463
775 441
206 329
13 37
773 126
999 540
654 78
409 238
963 380
807 313
124 770
9 579
905 673
756 854
977 180
750 979
24 717
156 272
430 777
36 421
149 712
653 629
765 278
69 815
161 839
486 266
338 239
239 712
211 351
615 717
914 565
736 907
47 169
196 197
7 679
298 435
949 411
933 463
481 637
753 773
776 734
986 544
25 813
436 853
228 218
301 398
889 616
455 525
306 923
484 340
329 711
804 489
172 92
307 119
402 469
611 965
931 898
339 845
833 990
651 424
693 948
540 985
803 38
480 98
706 515
966 512
418 448
844 218
417 224
382 499
311 688
55 955
95 411
68 809
719 278
791 45
148 552
468 638
546 278
424 441
114 413
205 990
616 426
158 382
895 786
904 578
797 474
264 324
318 734
757 755
784 53
444 291
619 629
239 581
814 381
569 689
561 806
639 709
400 879
585 209
689 11
722 439
231 516
880 165
717 455
952 843
214 580
596 464
927 766
421 823
119 982
30 716
940 981
43 359
215 70
74 437
681 409
785 373
606 296
717 366
658 622
548 44
72 369
83 47
264 955
825 832
854 219
911 969
126 36
151 532
288 436
776 494
89 933
292 560
128 658
739 396
180 801
171 926
678 592
214 722
790 116
598 295
600 630
79 232
205 921
214 726
67 594
775 206
27 58
229 95
224 527
675 932
185 44
263 688
988 432
552 662
321 776
157 596
748 372
508 650
288 615
411 837
662 956
303 488
251 603
712 281
187 283
362 667
352 906
473 128
804 552
540 86
710 555
576 122
433 724
929 100
674 226
419 662
771 276
646 847
1000 792
761 95
294 378
702 137
164 205
907 747
203 627
147 168
387 860
380 647
893 123
870 789
806 441
946 417
366 376
122 5
838 140
870 465
667 487
323 895
983 744
949 386
377 647
92 191
550 412
518 439
490 744
542 676
425 590
830 256
504 382
450 773
151 370
690 524
658 707
513 870
182 637
615 265
508 199
688 143
215 690
361 2
35 653
160 162
203 698
941 484
481 235
610 625
715 649
243 357
898 497
239 369
569 407
906 523
817 554
436 729
850 677
128 764
395 577
340 788
699 672
570 709
867 122
656 903
414 4
81 940
603 325
938 753
109 203
840 835
753 670
241 199
40 810
449 946
261 665
955 982
628 576
628 111
775 818
284 97
897 783
944 249
344 420
963 473
448 6
916 96
792 152
617 171
255 31
942 999
412 161
463 66
565 548
373 242
159 740
3 87
748 199
585 82
468 560
540 297
976 508
222 208
271 656
376 233
300 623
194 39
588 970
384 866
971 955
310 616
873 343
391 891
22 840
935 453
567 170
161 634
709 628
546 457
390 117
12 417
808 172
950 804
495 966
467 180
433 944
475 501
171 462
763 318
384 250
880 426
718 359
408 518
876 525
884 868
246 15
767 92
138 71
125 309
255 740
451 664
407 839
670 569
93 640
817 386
825 983
484 686
925 979
281 292
154 90
160 817
60 20
954 400
298 479
579 989
81 164
761 660
199 959
251 962
92 485
545 672
316 573
431 570
832 691
843 914
607 752
263 930
281 830
861 676
664 684
636 774
119 882
687 387
363 145
301 421
960 534
267 11
784 479
577 653
95 480
86 44
688 248
928 551
280 74
642 814
185 794
81 958
836 694
31 549
702 632
559 738
328 258
248 329
47 494
332 832
568 335
168 419
726 441
404 342
723 898
475 727
400 307
350 79
719 922
588 934
696 465
5 768
97 818
775 660
680 758
525 106
796 840
766 144
943 831
559 108
412 840
588 45
141 810
245 809
782 383
184 656
284 836
345 312
716 526
169 776
883 744
987 33
78 23
346 223
570 604
190 531
854 519
36 572
987 436
207 131
549 418
224 687
929 29
210 967
624 907
3 152
327 833
660 139
820 287
177 941
149 252
690 68
872 264
143 13
305 978
505 510
717 697
828 27
447 969
893 311
229 941
964 333
105 359
340 850
549 640
563 52
634 550
573 926
910 359
226 636
381 10
771 224
899 191
180 847
160 572
840 329
18 464
289 124
505 114
897 517
417 752
541 53
768 28
912 384
74 438
392 315
119 677
936 125
839 644
700 518
611 590
219 189
372 494
678 921
860 944
819 548
270 511
539 515
578 91
609 494
695 443
949 631
949 232
966 706
501 233
457 104
709 520
56 680
683 901
186 900
293 607
416 596
883 369
529 210
592 321
772 889
902 620
644 758
8 407
845 376
28 737
549 213
230 403
367 76
407 675
940 883
117 460
764 126
603 444
875 229
470 559
280 103
496 286
102 218
333 236
838 705
248 564
39 588
552 422
138 814
720 654
555 387
716 609
75 850
108 752
148 458
520 744
112 263
586 160
488 401
61 609
816 848
632 434
595 106
240 380
330 649
967 404
885 91
998 134
868 506
854 954
865 337
391 678
301 70
172 138
891 837
440 558
212 152
714 399
498 69
499 576
857 611
242 591
540 151
590 869
543 618
120 639
189 92
865 933
908 173
587 6
697 992
116 956
11 467
36 625
678 191
682 467
273 630
46 774
841 635
575 263
500 168
75 974
749 40
840 55
205 165
360 228
595 614
796 896
552 164
932 283
529 23
998 684
537 677
86 192
401 36
193 38
192 625
316 380
660 277
655 113
528 557
492 583
2 1
862 41
892 89
439 822
864 574
145 225
234 71
591 90
789 970
124 639
10 210
753 368
802 907
978 829
156 366
234 71
818 292
668 6
393 397
23 74
829 258
268 149
377 755
366 192
81 711
982 571
800 994
81 221
439 931
21 682
459 449
896 92
966 367
519 632
680 848
638 443
633 34
929 186
926 233
866 849
838 486
861 701
136 260
556 327
395 513
43 839
509 696
401 688
308 201
358 406
528 733
84 32
344 656
255 485
339 99
293 747
824 75
726 962
13 994
822 308
609 673
338 915
396 550
439 758
13 96
397 755
361 966
957 445
271 163
771 473
403 22
363 42
146 657
175 931
91 772
155 876
844 926
471 559
718 207
444 104
453 837
659 736
654 288
199 71
894 305
1000 683
858 704
430 94
151 317
328 147
147 385
711 852
769 11
633 651
684 122
97 919
590 30
381 55
790 64
936 122
976 830
25 532
661 947
720 176
147 994
533 62
984 892
486 954
907 789
647 233
263 563
323 244
474 728
853 12
356 849
117 787
316 406
548 595
158 39
363 678
865 969
786 193
170 8
191 90
598 255
293 266
452 810
518 450
42 701
313 544
496 587
744 403
457 511
980 553
221 752
483 824
191 518
984 805
664 669
677 483
722 338
892 405
951 638
438 937
731 394
327 76
150 736
666 201
103 296
762 53
54 658
503 975
949 647
199 577
633 629
333 788
272 32
156 523
6 491
381 272
608 257
559 756
183 638
736 924
406 815
697 244
99 47
673 999
66 370
210 931
146 611
89 809
512 58
752 995
682 263
672 364
188 236
795 360
802 845
213 382
74 889
792 903
242 250
596 898
444 788
221 991
732 803
49 640
316 259
440 231
670 256
157 983
879 431
313 13
911 569
40 366
30 758
727 738
918 383
821 951
793 503
99 145
341 774
591 418
645 215
402 676
959 397
44 516
578 885
167 843
585 458
621 68
893 524
88 21
173 62
911 890
303 514
814 784
528 787
109 327
623 108
903 93
379 444
383 795
807 955
310 345
568 317
121 556
128 605
255 967
292 834
512 862
537 966
128 604
94 535
562 998
806 383
127 221
644 106
191 592
70 196
905 864
829 4
854 123
485 80
970 438
775 428
2 808
144 150
397 764
289 27
673 554
956 445
813 122
786 126
300 20
930 476
103 806
638 312
442 636
841 575
297 443
363 182
58 320
393 467
824 303
492 365
493 134
551 728
481 870
587 543
741 927
619 624
889 6
34 32
34 582
174 175
542 137
889 111
646 78
336 958
526 794
690 956
125 302
564 972
112 4
793 979
305 67
58 858
535 590
283 372
333 351
9 98
484 269
101 924
390 810
822 493
863 335
831 853
104 513
478 863
815 220
350 108
811 313
840 235
243 32
100 726
170 324
770 944
965 228
511 312
156 901
150 920
936 640
335 542
102 971
65 124
781 10
170 400
974 292
819 395
161 334
540 995
146 126
929 152
71 173
447 849
52 127
34 805
755 141
55 889
847 89
838 158
16 629
153 851
881 43
938 984
222 246
461 910
406 750
529 259
214 405
828 566
94 686
303 867
756 13
786 762
828 781
153 510
806 814
542 442
882 78
846 280
865 271
357 641
65 728
217 831
159 492
509 835
792 6
940 687
222 713
460 100
692 672
197 190
159 11
294 587
526 195
424 574
532 393
273 381
312 542
666 232
337 102
714 482
684 225
880 888
635 633
120 398
858 272
230 258
344 864
384 235
553 539
738 914
501 154
5 78
562 627
767 949
14 597
145 285
433 117
284 853
153 779
332 428
791 522
427 465
108 924
497 62
998 857
380 443
558 414
975 438
681 997
9 50
790 971
397 263
450 661
547 838
63 61
171 455
502 781
968 812
911 583
196 120
348 296
675 997
314 898
934 371
994 436
71 34
840 445
744 848
732 452
197 714
578 839
272 107
702 917
300 522
993 498
542 97
291 565
893 395
532 912
775 337
7 54
876 404
688 95
426 331
304 307
405 721
157 413
862 415
41 719
417 745
854 834
607 559
507 94
303 726
221 307
256 56
450 789
890 294
318 390
860 540
172 66
19 122
349 557
53 160
899 881
152 942
585 592
274 7
612 493
380 434
543 727
640 748
795 533
690 521
127 922
270 566
816 738
165 932
354 46
785 28
377 977
510 332
838 252
262 814
933 91
741 527
912 836
700 447
99 703
298 670
396 956
252 198
207 269
180 496
679 387
959 129
787 890
68 54
394 857
637 452
791 230
652 216
492 295
826 622
615 458
859 340
441 525
526 589
577 837
215 211
944 510
960 586
681 600
783 366
269 467
867 839
729 581
517 38
400 144
915 992
525 330
217 799
925 255
676 665
57 641
693 635
697 371
767 272
668 665
740 631
481 688
643 734
886 970
552 487
30 469
272 853
33 171
25 436
736 528
843 327
455 420
601 117
687 340
786 77
503 762
805 318
949 866
463 973
785 345
180 738
191 588
729 685
126 45
772 714
564 297
835 800
335 478
2 599
127 407
237 526
794 254
736 81
174 506
595 207
971 727
240 283
721 479
881 838
534 682
874 685
50 436
657 153
13 968
800 295
155 475
534 390
58 684
438 245
171 368
872 943
282 875
858 828
204 678
16 59
170 409
639 504
310 49
540 426
286 235
690 799
286 351
582 648
708 353
20 954
271 312
392 848
743 401
763 306
614 269
275 954
437 324
238 396
200 339
684 890
757 949
955 127
563 624
249 208
703 199
984 922
760 675
375 774
125 352
266 470
407 215
484 259
267 906
991 268
564 22
637 273
315 435
907 811
41 756
839 278
276 651
298 268
770 772
446 359
642 338
828 290
479 794
184 157
919 943
881 783
480 129
236 292
667 76
648 220
22 878
55 820
318 317
728 470
585 5
17 911
519 732
633 727
752 761
404 522
464 784
13 640
156 326
785 491
488 660
927 702
696 48
714 753
324 280
504 53
277 477
977 47
926 834
636 119
552 891
514 500
696 567
780 303
792 657
160 107
843 587
546 990
608 516
108 55
153 998
743 446
396 345
714 479
12 54
23 812
288 38
142 79
953 672
251 919
194 48
177 642
759 733
659 163
11 995
530 12
699 638
737 571
930 414
45 420
949 371
473 399
575 101
442 360
133 695
316 771
162 362
486 516
20 807
372 174
24 693
599 390
39 453
539 138
625 65
19 366
855 214
494 614
340 544
678 237
575 61
133 572
772 85
965 248
125 190
497 297
995 406
705 720
198 976
621 61
534 376
832 421
953 11
702 674
433 745
82 748
61 499
252 885
695 81
181 677
251 245
910 893
798 761
102 37
142 220
942 618
860 330
154 950
922 785
369 447
441 515
209 670
54 955
345 669
769 748
594 741
396 392
627 723
851 913
246 72
866 659
229 773
486 533
944 597
115 680
625 931
680 718
374 446
692 729
200 151
549 828
510 596
694 461
85 879
598 548
729 976
431 345
835 113
249 681
25 889
937 561
454 676
278 847
578 103
161 845
328 206
987 715
501 123
388 637
652 801
439 872
890 965
651 240
93 985
346 883
797 559
755 378
49 497
233 583
33 735
259 176
950 102
180 979
691 700
947 551
477 692
899 461
631 669
671 600
846 680
738 810
646 358
599 698
359 942
545 220
281 870
48 762
217 748
970 788
264 327
970 903
149 151
479 784
958 348
185 678
723 984
902 714
251 659
99 573
803 691
542 594
338 765
451 118
439 516
22 361
435 616
61 256
356 400
109 640
740 361
490 510
779 837
480 400
796 78
571 979
512 677
189 441
534 107
267 27
187 317
300 878
582 18
881 192
964 970
273 534
393 722
704 180
257 922
340 507
360 386
480 544
808 364
651 720
973 0
12 908
577 424
978 259
788 494
511 917
145 676
541 567
10 301
104 968
935 289
564 771
832 211
659 176
700 201
600 523
932 923
630 963
212 503
997 408
723 384
553 540
467 467
870 25
112 838
277 808
666 89
81 442
764 839
442 885
772 146
665 39
643 274
2 171
52 271
252 570
378 570
895 558
921 308
784 377
818 520
770 128
918 768
268 102
567 314
148 412
516 344
284 769
457 486
593 225
124 498
157 27
709 306
647 46
832 838
832 906
972 861
233 48
235 106
835 322
640 640
182 169
948 233
495 873
955 828
618 518
542 649
186 557
836 859
489 135
951 963
414 381
849 626
932 433
394 455
418 924
854 687
540 712
728 788
112 723
737 643
602 960
366 729
376 476
860 410
297 631
384 2
466 158
99 429
653 7
330 866
997 143
102 667
826 934
648 674
267 120
873 670
521 905
67 934
569 958
923 20
459 971
69 574
959 930
872 237
840 534
133 69
794 539
167 175
976 297
37 268
663 320
252 737
619 990
662 958
113 350
167 916
827 781
390 464
256 71
205 902
309 216
306 693
505 592
25 828
827 158
355 996
143 994
572 920
194 219
393 815
904 146
302 426
842 800
503 275
804 378
682 686
91 65
584 249
521 944
544 344
386 127
511 806
12 385
864 177
781 885
789 746
84 296
820 937
735 470
238 860
924 165
562 185
824 155
817 642
929 523
877 336
645 965
109 692
903 969
157 212
279 890
161 775
425 551
783 21
842 943
22 570
699 866
654 314
10 247
257 692
251 663
978 595
3 383
304 310
74 155
276 666
293 116
629 39
868 240
604 380
386 454
904 472
883 234
809 954
558 62
169 29
861 55
725 48
63 844
31 302
905 191
964 976
689 700
229 13
449 663
377 334
450 927
53 409
238 675
942 319
289 836
40 786
616 505
492 490
147 74
876 406
979 567
135 30
236 539
194 872
616 456
185 153
271 344
235 70
867 242
319 214
971 975
64 289
630 489
670 147
960 917
640 926
97 726
975 398
863 384
18 597
226 708
514 396
876 928
504 333
175 38
605 703
65 584
274 638
20 998
361 949
539 249
309 545
836 84
678 730
496 470
495 861
600 165
869 766
630 760
627 905
630 844
109 926
692 625
579 856
962 434
909 737
464 186
596 535
533 254
467 992
163 35
760 223
957 497
146 482
675 35
432 664
660 546
821 386
342 432
512 858
652 718
841 255
681 309
197 762
205 31
568 220
665 203
732 120
557 618
10 505
257 742
522 729
87 397
28 856
782 197
328 311
552 825
635 45
792 754
267 241
531 161
600 712
658 495
825 667
75 625
900 206
473 451
340 251
638 487
27 765
846 61
727 877
738 193
953 492
116 136
294 742
363 416
888 515
112 972
978 250
819 431
916 103
258 862
907 120
120 879
116 440
96 254
323 345
37 780
838 534
127 688
655 79
86 343
291 555
913 227
745 500
51 618
380 66
185 949
190 462
246 599
629 738
457 445
277 29
183 947
111 342
281 354
186 921
69 305
762 630
241 786
352 551
208 599
530 33
469 527
915 435
899 470
64 181
100 328
352 960
374 732
522 163
320 986
435 393
197 838
110 622
94 777
755 321
29 244
405 334
203 583
16 953
460 598
85 242
470 308
545 322
846 610
268 888
99 694
607 954
258 438
939 202
745 924
404 649
55 347
809 856
277 903
877 121
348 583
798 669
718 344
704 520
529 485
24 423
678 849
994 439
425 839
186 649
684 38
677 34
790 652
956 165
576 388
204 517
545 811
476 966
8 755
795 631
722 320
708 815
530 600
297 529
853 463
743 204
598 722
996 479
506 65
291 721
550 221
705 528
411 366
229 685
7 388
261 990
448 905
640 343
708 618
844 912
89 565
467 210
359 766
478 501
64 126
481 427
313 765
458 674
24 753
12 414
82 687
712 905
581 568
579 565
850 642
578 533
655 237
450 422
134 653
784 272
596 736
690 90
690 945
576 995
244 858
735 957
20 735
981 465
574 827
121 591
896 670
51 553
853 456
547 426
605 823
234 881
360 490
705 381
561 218
394 330
841 539
148 129
785 175
403 141
917 158
331 336
21 152
307 750
779 936
717 880
609 171
137 288
530 129
995 595
527 936
524 711
844 966
507 822
784 317
553 43
853 18
645 105
359 158
688 756
496 660
598 346
726 607
421 425
327 161
224 352
597 95
658 655
121 399
466 978
570 888
546 981
290 44
93 427
966 826
451 230
579 606
77 487
185 539
593 77
138 108
606 258
768 529
678 788
216 666
150 897
93 297
250 560
25 911
695 883
518 246
321 287
288 158
131 11
190 154
412 432
250 230
536 601
690 950
934 267
852 524
322 212
702 531
54 480
281 736
1000 270
438 516
384 655
906 24
453 702
878 535
573 16
696 894
604 531
609 822
917 82
895 680
758 688
371 634
172 953
171 657
170 559
566 329
567 295
168 741
504 975
455 769
627 256
346 611
796 241
236 742
125 946
653 96
771 161
972 990
725 585
609 637
545 617
688 835
738 621
547 568
693 199
51 932
101 389
861 620
688 688
633 213
704 113
92 702
797 641
233 219
850 848
478 425
859 446
496 912
19 496
623 689
401 852
324 309
398 300
417 507
98 774
606 364
496 720
602 636
888 95
530 11
54 676
229 30
343 620
216 630
795 835
667 612
554 211
87 376
526 22
497 568
349 205
713 369
332 154
505 817
537 605
469 487
346 458
462 862
351 788
995 197
318 477
663 411
959 497
87 426
751 940
256 837
389 749
978 520
315 750
418 355
567 586
794 617
547 742
420 294
98 301
934 999
991 407
773 205
731 730
297 97
65 574
955 367
346 221
36 262
642 484
567 518
246 470
232 287
565 752
779 889
564 222
910 120
152 127
55 247
415 6
158 706
29 586
470 426
484 617
351 71
613 198
614 869
752 451
449 821
115 683
10 429
383 512
614 912
499 294
375 361
415 642
350 245
244 522
263 692
418 421
153 345
990 753
969 903
724 61
63 436
385 649
8 279
276 117
945 429
686 213
510 160
279 215
311 583
793 501
472 891
728 173
665 38
98 42
574 345
861 142
810 16
74 169
189 286
894 315
523 182
193 602
620 569
679 203
684 837
263 217
720 86
11 407
143 595
182 131
63 3
388 638
854 759
10 426
952 85
582 46
654 701
438 106
611 399
688 586
551 914
192 214
395 126
730 321
445 954
201 304
298 152
181 128
554 79
7 271
650 783
465 632
584 68
958 124
633 678
671 455
33 476
963 537
703 577
189 182
706 189
585 8
720 147
463 150
983 773
919 10
361 798
74 253
268 866
862 327
757 625
337 376
754 134
635 373
686 797
277 799
150 867
753 809
446 749
466 270
272 196
420 920
37 451
689 213
329 727
414 774
734 670
552 274
440 257
784 320
25 419
351 725
951 755
73 698
866 425
372 500
493 224
904 934
100 57
325 839
241 618
84 380
587 818
30 284
433 917
186 648
433 197
746 76
755 590
315 989
991 744
850 760
486 515
663 132
440 556
469 274
333 451
354 46
271 595
633 898
330 118
397 42
913 715
851 12
510 553
196 703
135 302
27 524
334 520
818 626
300 134
644 477
819 917
815 390
993 471
975 626
512 67
404 951
337 405
133 159
559 880
415 331
947 529
164 169
352 195
135 560
637 67
417 513
796 201
851 471
197 958
512 722
132 325
927 455
723 891
968 444
586 711
689 46
782 745
686 934
702 682
963 213
103 911
760 405
102 984
535 241
981 170
310 440
79 183
795 195
187 525
701 450
619 869
532 326
876 480
134 795
400 24
215 536
152 776
918 423
764 899
215 486
426 884
636 619
336 724
512 964
945 643
373 301
993 432
655 884
486 183
270 232
23 285
685 977
394 915
163 210
86 197
786 595
890 888
742 641
759 1
453 458
99 266
372 499
259 49
480 7
353 985
515 200
383 642
231 693
992 498
318 93
330 578
842 827
155 471
128 232
420 812
98 298
217 195
14 955
478 134
4 360
278 328
729 122
328 951
917 678
561 324
748 722
794 728
272 471
345 690
677 843
147 286
10 471
962 105
364 739
684 680
974 435
298 605
142 82
399 17
191 497
200 433
381 764
905 436
911 742
20 472
507 382
794 688
102 355
335 492
269 313
904 729
928 285
31 240
69 822
16 981
505 645
609 432
810 973
863 328
617 223
475 961
970 225
359 110
989 884
392 116
660 223
919 826
436 779
11 756
148 556
550 666
501 781
690 832
377 612
964 724
392 181
552 970
669 573
706 314
124 488
644 447
216 921
964 183
629 949
874 954
418 192
735 651
100 357
476 342
912 105
518 293
133 66
845 190
63 965
25 672
691 831
851 508
869 711
337 814
224 981
313 805
967 365
870 128
736 129
213 635
25 150
776 395
715 495
214 545
933 430
789 284
930 948
335 927
231 426
375 248
683 695
255 924
77 569
275 879
726 557
876 660
703 913
349 747
257 250
800 444
479 697
249 798
180 179
577 575
299 308
32 40
359 245
466 211
301 432
72 212
561 935
176 721
920 825
959 622
615 850
580 959
736 550
3 504
374 523
555 966
989 673
453 89
232 634
745 355
574 852
928 542
718 71
545 377
439 749
0 895
272 679
701 548
658 712
145 542
924 88
607 638
703 763
518 298
480 863
997 58
381 173
37 469
604 541
708 333
671 330
119 34
745 386
949 116
877 446
390 254
289 977
774 696
823 476
259 548
611 151
370 634
374 626
66 480
809 275
617 233
744 834
517 970
667 217
553 205
835 252
213 119
753 666
836 715
283 726
140 283
344 510
230 65
457 807
579 517
336 975
996 517
649 728
649 612
377 934
451 667
373 593
721 560
917 5
547 543
393 595
375 230
790 715
663 948
20 688
192 608
299 401
13 372
191 797
429 945
906 483
112 756
320 929
341 40
467 902
133 567
676 329
404 730
29 147
904 584
894 282
582 723
837 970
780 945
813 276
678 897
547 708
257 241
281 508
772 377
697 125
389 397
453 411
48 839
172 458
684 398
372 906
784 325
162 867
275 209
524 196
340 805
343 259
878 599
211 321
64 740
234 234
315 36
295 297
898 979
107 953
85 785
197 83
347 821
57 57
598 68
490 337
61 984
118 547
470 714
544 706
380 383
631 356
793 58
216 357
188 95
126 525
982 945
469 512
379 35
102 161
470 946
150 856
922 396
934 392
120 491
620 970
299 500
237 960
543 491
568 75
152 482
417 854
574 214
405 356
506 333
542 644
157 722
608 680
33 889
479 706
912 221
374 7
854 898
569 815
446 772
880 179
67 692
146 806
887 425
935 625
366 323
349 837
481 308
623 3
814 907
266 7
399 934
488 506
431 888
376 801
868 92
926 446
43 324
18 903
311 229
692 740
764 171
3 593
772 212
785 173
393 183
982 914
727 350
310 640
168 634
623 957
574 628
834 637
564 877
637 293
63 473
944 684
320 192
305 375
423 64
732 575
119 612
900 285
323 778
556 910
610 998
640 981
422 345
815 786
135 142
574 174
406 538
163 982
561 67
833 702
484 442
34 393
343 986
622 346
308 306
429 194
810 117
372 466
789 322
875 965
631 302
596 491
159 635
444 557
980 672
344 996
807 41
416 248
201 155
58 75
745 566
562 947
125 335
593 496
704 296
118 662
984 722
961 723
122 531
66 346
623 673
138 37
815 868
609 55
957 240
313 56
392 728
29 234
838 983
592 126
810 903
603 66
887 774
6 641
707 87
914 463
97 50
874 124
45 565
449 299
664 461
358 482
991 406
792 687
397 222
791 545
637 332
291 579
774 310
46 368
963 678
265 509
679 59
870 638
411 994
859 341
300 900
572 358
261 608
417 642
180 632
433 777
368 107
17 454
552 490
678 776
719 60
309 87
495 120
991 662
46 889
947 523
400 33
608 762
806 124
53 584
455 439
48 85
689 605
714 149
286 440
291 873
518 611
666 268
788 571
953 864
718 380
959 649
685 0
384 554
626 82
351 476
46 111
154 3
226 232
972 633
925 171
107 272
199 457
250 859
966 55
97 316
709 739
709 981
608 518
991 757
872 894
369 480
611 905
747 70
68 623
355 223
359 344
33 560
718 489
88 208
577 810
434 3
868 675
865 921
881 755
94 760
205 272
402 7
524 532
461 995
821 0
340 785
862 590
362 403
749 17
828 558
750 643
635 757
226 240
156 692
287 245
265 548
7 90
47 456
83 133
321 595
941 256
411 479
952 407
710 646
426 317
100 61
337 789
272 263
612 525
813 146
136 38
545 130
360 38
758 938
787 993
198 843
672 633
632 96
850 645
218 44
819 662
399 718
83 148
908 989
553 476
6 146
387 86
150 368
979 834
859 731
629 789
998 594
861 235
281 194
570 55
444 723
402 667
860 919
871 719
23 888
115 294
561 141
533 102
454 719
775 264
543 275
161 972
149 948
155 55
557 585
841 329
944 814
121 607
737 751
24 623
722 981
677 723
980 665
245 601
984 715
690 209
790 160
339 907
193 961
436 647
284 228
259 531
202 50
295 625
350 836
50 762
536 305
523 305
249 375
193 719
233 181
29 975
708 41
814 43
515 843
859 888
650 193
759 145
729 552
758 818
119 164
828 664
943 824
282 919
133 951
115 640
269 978
122 896
892 416
742 964
703 508
413 781
976 159
372 265
812 90
515 926
263 595
564 432
1 919
686 852
753 962
634 625
565 261
279 131
460 408
847 780
896 507
793 362
421 530
847 836
879 191
551 539
780 256
226 940
9 917
686 898
147 695
621 606
718 555
903 354
728 298
272 734
472 747
336 258
908 731
774 934
925 255
255 305
694 520
794 447
151 471
170 549
283 435
522 244
333 344
517 586
625 779
916 97
225 5
546 394
880 357
737 105
647 497
945 624
139 304
238 255
465 996
933 973
741 276
878 193
661 546
656 910
3 214
735 567
885 998
973 492
148 301
943 842
312 265
442 637
213 474
365 424
437 778
695 1000
117 648
613 266
375 577
175 65
246 347
466 581
717 38
762 477
516 749
643 473
169 597
261 437
489 232
972 447
644 151
980 390
960 310
105 599
856 586
586 664
313 620
607 504
605 4
218 317
162 35
151 883
722 857
598 891
377 619
442 960
139 929
76 358
113 572
209 701
416 843
436 959
992 774
545 404
109 218
488 352
164 858
150 440
681 632
896 972
208 771
429 536
614 905
690 913
662 629
176 452
23 995
230 70
715 648
347 88
34 840
156 290
504 741
114 943
267 44
636 467
929 521
452 348
393 466
562 354
576 869
183 70
241 476
92 576
625 342
159 594
121 99
986 739
217 467
808 958
421 297
676 534
921 534
69 30
838 113
461 215
804 236
143 853
582 886
797 254
324 192
528 116
583 122
661 810
843 928
314 177
664 120
500 486
115 279
571 752
133 58
830 296
881 715
762 916
492 934
263 344
84 295
535 805
882 342
186 424
492 700
784 799
721 413
246 818
758 189
27 83
865 726
568 503
216 725
648 425
378 606
537 789
551 800
128 215
154 469
18 949
732 245
243 237
767 783
976 437
44 89
594 841
998 5
744 280
367 169
494 695
975 917
38 656
621 997
546 410
113 146
260 743
791 155
446 174
619 398
525 656
93 699
483 363
487 709
374 806
84 346
70 973
428 830
486 501
356 47
397 993
137 575
999 820
595 869
301 47
422 503
37 20
851 976
42 695
397 281
774 886
591 251
734 981
376 735
194 601
623 845
455 914
731 389
807 757
904 818
562 22
573 724
859 341
213 57
673 722
315 966
744 405
92 873
58 972
54 433
549 853
156 249
294 572
183 803
226 419
846 14
74 601
650 45
562 619
558 831
143 134
645 811
438 739
64 979
323 842
737 666
804 723
30 24
960 124
160 454
723 997
377 17
706 237
284 984
338 795
969 260
541 894
881 656
206 243
605 120
525 633
131 635
21 793
608 265
912 280
318 182
46 541
922 398
367 609
958 883
932 246
835 787
407 577
927 261
419 560
651 621
745 623
880 530
16 180
961 447
814 167
589 479
268 17
799 817
513 163
573 665
779 44
850 285
524 168
999 720
547 212
534 317
988 481
395 159
573 931
281 430
31 997
168 183
885 814
442 22
880 768
30 874
9 284
574 90
177 929
721 582
889 169
237 151
750 610
448 373
992 603
365 16
735 740
797 538
550 608
748 829
109 809
606 74
174 543
506 970
842 790
618 484
171 444
435 458
167 129
808 415
504 15
43 592
136 936
798 653
77 549
685 483
55 970
740 702
549 893
828 48
546 968
1000 121
283 102
787 901
629 700
743 642
580 698
577 128
895 887
93 16
67 669
978 940
905 630
603 101
383 583
532 792
783 975
461 130
145 821
417 953
777 916
513 850
16 543
16 357
677 107
194 839
888 541
220 667
905 286
386 703
360 444
907 765
926 251
469 806
512 632
76 20
588 991
327 794
245 774
553 172
229 594
349 458
848 316
497 248
32 936
24 371
676 747
930 486
337 787
521 47
921 573
451 708
267 289
726 946
217 736
877 660
981 55
213 349
254 93
399 100
169 551
340 64
826 657
977 838
910 618
966 717
832 465
322 988
105 551
272 904
802 122
64 822
567 786
172 541
573 758
790 884
60 905
148 309
235 318
216 254
492 361
756 733
525 379
4 967
775 713
164 288
997 42
739 229
571 710
749 755
234 411
115 495
273 655
81 610
471 224
923 184
868 163
498 955
976 803
176 320
699 448
73 888
831 793
599 940
53 906
825 980
35 259
367 952
728 173
995 362
185 329
389 104
546 670
788 885
639 986
843 372
766 844
493 46
674 828
219 81
203 345
208 385
931 650
838 751
638 500
194 584
376 161
562 192
306 450
526 218
609 909
438 409
100 913
411 554
721 794
318 218
443 482
442 959
414 234
276 907
47 508
5 194
6 795
391 574
974 180
946 639
716 349
36 747
81 208
406 128
792 810
985 468
453 894
310 415
913 4
274 979
111 464
112 28
608 343
732 858
922 660
773 707
301 521
304 358
981 84
674 138
339 719
475 233
20 454
429 199
92 511
352 157
51 418
301 813
860 68
841 380
602 834
184 71
461 1000
829 915
236 238
606 309
337 900
716 522
689 28
11 735
223 37
816 728
11 129
406 817
113 738
452 80
702 453
250 345
1000 741
721 366
673 83
750 955
551 820
504 521
8 336
571 726
172 437
369 776
791 800
922 914
734 630
175 843
998 879
348 356
223 832
966 337
274 500
760 985
783 624
824 47
791 773
95 941
333 267
741 835
686 661
370 857
949 151
480 761
726 850
851 531
600 247
926 83
65 494
989 474
588 413
999 404
470 54
478 72
46 292
160 876
654 421
358 324
568 75
461 397
707 72
199 192
290 918
415 740
607 635
278 149
593 592
64 165
381 409
18 905
288 998
240 935
392 443
1 945
807 214
845 400
71 693
807 588
606 296
177 857
199 318
290 793
403 463
982 244
851 91
89 337
340 216
16 178
437 779
899 351
150 678
764 370
721 741
25 402
69 166
659 994
552 12
962 763
187 594
864 299
451 465
970 641
266 298
20 947
24 840
757 168
538 319
57 369
600 729
238 465
1 237
198 372
29 606
812 450
858 497
994 963
927 262
841 840
926 969
514 92
306 205
971 584
492 1000
433 957
294 868
652 781
484 885
175 983
910 22
975 829
802 74
432 8
383 186
693 660
340 631
75 158
622 601
549 569
258 327
941 854
566 498
695 450
137 469
76 268
213 954
326 623
945 665
74 53
25 245
957 603
245 791
371 397
655 241
857 857
457 44
337 275
508 757
407 676
542 602
537 403
924 394
442 840
57 10
416 45
406 326
661 272
974 888
334 871
490 940
484 273
272 288
143 347
510 685
895 970
679 596
558 117
740 460
423 342
429 961
580 750
746 1
407 906
203 905
284 522
149 608
551 797
336 269
455 273
121 291
431 269
67 607
220 227
603 122
809 582
184 669
357 99
597 45
251 359
241 814
363 122
246 706
443 765
404 863
880 49
357 670
708 169
710 73
887 788
176 686
740 364
966 958
264 744
772 911
105 568
361 738
221 487
56 625
85 232
266 711
586 940
450 861
491 594
944 19
946 835
812 970
87 372
316 893
214 133
368 315
403 359
189 70
136 221
721 506
355 487
112 597
408 595
567 621
699 353
282 8
802 562
74 201
906 46
599 531
269 683
667 865
351 508
449 979
451 416
365 26
768 407
783 781
597 56
311 962
587 223
217 742
590 338
477 592
614 838
986 259
240 902
542 766
165 110
834 496
599 779
242 39
945 328
957 360
103 517
291 676
74 337
124 282
784 594
376 529
854 848
835 892
338 124
14 598
250 247
76 587
620 108
340 560
684 948
801 450
644 301
975 425
264 71
304 339
966 625
59 834
2 845
112 932
967 526
851 851
196 60
165 536
643 906
171 365
541 681
13 776
790 389
484 181
301 353
381 222
845 610
608 178
241 340
270 980
951 635
254 5
447 861
541 771
159 627
700 852
798 23
633 280
841 720
376 116
512 441
879 984
516 969
985 76
181 987
678 370
555 715
429 252
162 902
946 783
526 907
266 982
557 575
923 915
276 716
925 504
733 147
35 590
638 457
379 124
486 756
382 713
630 293
180 972
901 443
365 131
27 146
880 327
397 147
170 785
374 282
956 700
644 383
281 61
650 893
549 846
769 712
444 89
682 672
205 504
235 52
356 356
928 216
971 188
851 952
377 636
931 168
25 591
867 23
613 380
943 809
926 48
358 123
842 342
477 650
681 815
632 875
851 848
786 192
647 886
535 987
863 892
706 828
933 405
595 763
612 647
238 536
148 261
606 777
757 879
262 339
347 853
516 480
844 871
250 636
537 46
188 204
714 574
214 984
3 972
266 455
71 6
520 661
131 841
494 884
764 924
155 193
452 793
100 881
65 222
201 336
732 232
975 453
854 693
472 454
609 188
784 984
901 56
352 89
320 432
373 229
369 944
1 135
705 362
251 90
106 926
14 728
533 81
481 31
922 88
770 939
716 191
920 164
64 491
340 535
638 799
228 949
728 946
386 322
375 51
386 953
137 398
587 774
627 433
924 125
704 578
554 554
564 945
330 129
204 88
878 249
470 932
670 726
198 905
162 186
712 220
316 196
894 782
509 249
807 582
117 641
475 967
426 986
288 855
219 641
689 698
752 648
619 767
425 262
727 25
111 200
292 387
819 287
330 316
777 700
213 967
197 599
1 847
512 785
246 168
538 191
764 799
823 857
367 199
556 683
410 653
332 329
768 474
863 197
504 752
140 362
979 35
141 136
14 36
982 150
784 710
443 469
924 798
51 536
21 74
372 214
214 640
668 505
743 477
133 840
356 117
885 727
931 997
419 553
819 576
453 360
0 997
383 201
970 580
802 459
273 433
824 683
970 262
249 186
934 107
859 285
890 204
708 671
127 16
765 981
872 820
284 743
252 969
499 942
345 325
278 677
920 975
550 491
35 995
386 292
853 186
265 991
226 145
943 506
341 705
40 942
73 183
882 893
320 133
289 569
13 122
792 771
542 403
109 984
698 556
691 334
557 347
741 623
571 541
58 450
515 841
641 351
703 41
953 41
229 404
694 887
384 421
573 401
959 489
791 60
280 981
671 556
101 853
69 805
164 402
929 548
800 900
376 444
227 75
151 961
965 65
623 560
83 328
572 620
517 617
380 998
162 480
888 267
408 931
241 193
231 950
574 421
398 794
277 50
829 123
824 910
255 164
952 478
148 935
100 480
402 168
416 294
708 423
395 488
547 380
730 150
958 963
353 761
523 209
720 795
843 264
766 238
637 713
925 604
394 268
177 316
148 601
124 577
319 232
372 783
764 261
677 171
370 461
709 683
289 927
695 579
954 643
194 67
650 661
323 954
968 872
583 995
581 188
64 425
396 134
313 329
364 693
794 63
623 223
137 940
109 232
906 415
532 868
124 843
197 353
617 292
653 685
755 663
474 855
861 6
198 325
353 235
754 719
507 364
91 274
253 931
858 925
804 367
364 275
11 862
25 50
496 589
424 713
383 241
22 236
719 669
96 540
420 376
819 254
658 103
682 716
271 893
948 437
17 198
939 379
300 219
387 427
923 452
487 565
394 683
207 354
269 718
917 391
39 182
137 448
5 228
150 680
151 494
376 800
662 188
947 664
162 868
903 306
512 447
99 839
520 955
910 17
258 145
133 966
219 761
186 389
71 931
44 712
60 454
934 306
556 8
827 371
616 447
959 930
583 665
826 877
45 628
172 567
873 150
516 482
150 34
420 700
279 676
820 680
558 97
23 790
496 425
840 832
430 514
177 381
355 898
28 737
950 868
911 84
513 108
818 543
536 41
23 376
352 674
631 67
748 594
54 356
810 358
569 375
870 886
102 64
603 754
889 761
934 802
51 948
810 703
207 899
315 555
268 708
650 218
42 875
125 224
482 231
853 519
715 991
521 608
413 870
216 66
541 671
400 335
561 283
586 786
295 728
977 162
126 8
161 750
43 873
752 987
288 693
598 825
198 223
689 284
626 469
196 477
101 55
442 114
44 672
416 304
842 315
241 570
343 93
778 288
464 668
440 863
917 164
18 777
633 857
563 343
574 553
490 180
910 287
733 662
816 156
778 633
195 372
295 491
57 395
457 169
447 868
181 589
609 464
724 515
278 649
892 348
246 422
357 716
276 695
535 239
439 605
879 327
88 694
83 110
225 77
790 727
715 649
912 469
160 716
764 36
144 919
497 73
981 349
640 144
0 180
73 232
958 457
967 165
333 829
575 882
7 354
46 553
884 189
980 755
396 968
177 361
8 745
70 340
125 40
713 119
665 358
498 456
960 494
355 535
392 750
26 963
368 333
419 465
487 678
704 18
452 746
88 226
646 806
538 89
54 645
767 488
515 163
64 719
812 504
300 733
513 151
196 553
163 866
313 240
213 832
139 160
153 945
370 171
320 20
215 327
845 372
812 73
49 618
209 375
420 508
473 423
920 509
639 922
835 463
69 338
616 359
951 419
849 845
965 933
33 124
263 469
648 439
355 332
506 625
948 871
847 302
120 897
258 634
552 714
234 34
491 269
941 482
406 893
460 241
454 858
702 570
774 971
312 425
381 831
733 547
555 428
394 503
983 669
782 81
54 414
76 162
967 471
258 176
182 514
306 603
649 620
457 163
987 131
365 139
158 858
927 121
107 166
80 83
362 641
976 251
799 616
358 220
998 455
973 614
846 441
605 417
805 329
826 770
262 265
823 156
330 297
353 635
173 495
391 933
72 333
876 983
623 413
540 808
168 625
123 779
507 168
558 273
157 808
235 741
89 934
892 142
702 866
490 678
286 3
631 837
779 189
586 887
159 234
621 907
41 552
135 345
289 695
440 1000
401 332
977 860
651 964
932 420
446 863
51 576
831 263
766 487
565 86
475 773
873 450
86 167
665 234
800 759
980 525
728 659
566 51
904 22
247 545
715 571
52 481
839 156
603 882
191 45
587 46
556 103
921 931
612 195
268 503
357 698
620 680
162 3
148 61
238 9
417 613
740 672
444 440
931 193
782 934
555 635
22 183
851 996
487 85
584 615
99 194
678 856
19 186
11 630
8 792
735 131
926 377
458 156
986 579
299 965
160 497
359 22
53 79
92 77
874 239
664 178
3 387
553 119
482 283
611 320
136 634
151 905
334 138
109 150
110 605
510 698
338 777
769 826
833 358
224 323
4 58
282 905
513 86
807 798
383 523
107 377
532 300
607 60
344 523
609 133
744 530
357 696
985 797
418 719
495 813
150 846
312 487
356 684
284 611
433 455
701 781
109 99
255 524
332 218
814 541
808 460
899 729
621 143
366 20
165 491
978 349
520 510
185 668
973 623
667 782
2 111
214 805
595 490
517 716
441 847
826 987
675 434
200 329
170 799
322 614
483 824
550 618
734 557
579 775
93 808
861 29
789 251
51 969
784 630
621 257
143 437
206 49
509 51
143 186
332 638
662 94
106 4
11 650
902 91
62 210
81 847
260 517
263 838
264 925
281 523
506 447
105 883
8 737
106 269
257 960
60 298
331 18
264 456
962 261
868 361
693 368
782 719
864 437
923 301
881 623
590 138
307 813
926 256
101 834
751 274
408 337
823 215
271 632
518 669
693 611
494 432
423 709
702 646
610 646
145 606
843 1000
604 694
422 52
951 143
442 408
899 685
163 821
187 309
396 333
683 336
606 581
69 921
842 727
738 918
383 445
663 112
878 472
512 835
420 56
281 726
614 15
448 746
721 52
194 989
873 532
710 750
516 458
644 728
504 122
721 856
400 248
67 356
497 265
780 359
126 331
260 482
794 862
537 309
223 847
755 593
91 235
187 168
614 90
130 346
992 331
446 916
999 884
717 707
651 775
95 718
952 691
860 252
457 467
596 203
171 44
797 302
921 408
30 447
602 301
338 238
418 872
953 232
484 803
271 470
729 990
29 723
25 917
808 334
993 261
376 914
289 686
110 474
277 300
126 53
59 529
983 904
223 927
16 174
131 830
223 331
549 849
484 887
342 476
626 187
383 43
812 741
209 389
425 188
685 442
84 374
679 96
276 436
806 387
753 276
85 607
49 430
540 985
559 392
981 824
26 298
957 202
638 452
876 894
120 845
242 781
412 377
501 11
732 973
721 524
688 642
977 568
666 222
590 246
81 730
660 970
408 700
207 723
883 353
118 665
180 539
764 119
43 914
556 736
896 814
852 334
123 141
63 530
635 739
779 814
889 836
775 794
46 249
986 610
8 738
468 132
997 39
516 504
522 273
536 838
965 378
302 464
706 381
745 483
421 921
883 245
948 289
20 96
298 730
226 231
691 947
970 426
798 802
121 162
883 775
49 986
181 815
629 29
388 334
803 210
929 469
671 924
824 7
630 356
554 862
404 536
118 881
763 435
172 148
525 96
178 159
451 932
440 351
462 355
0 299
624 413
744 4
654 127
363 433
37 305
320 342
520 633
897 117
168 421
182 355
85 891
948 986
315 387
739 833
343 945
694 69
89 911
942 422
132 538
931 879
799 453
961 118
246 501
388 891
975 476
716 876
636 577
56 528
618 735
906 11
300 151
908 845
727 777
996 221
272 692
193 776
334 645
117 682
747 236
789 852
323 405
354 896
247 818
390 616
732 755
175 962
0 303
928 547
932 659
943 637
824 209
12 754
592 759
828 20
235 935
36 289
242 367
518 420
894 474
130 518
717 154
807 249
983 208
912 586
160 370
233 105
262 141
629 517
26 481
143 848
304 846
914 143
843 40
617 869
403 257
470 656
619 427
491 662
593 456
34 242
972 680
538 484
397 587
576 702
23 429
131 238
566 302
341 28
547 252
543 333
986 953
905 17
580 204
685 314
482 624
717 852
173 644
338 168
638 744
452 131
158 552
708 683
480 158
959 559
322 642
226 393
460 751
810 987
92 208
915 601
148 781
369 367
297 686
246 789
531 785
419 142
504 76
73 255
112 905
127 92
141 954
726 968
913 408
638 835
706 396
685 200
983 936
62 938
577 378
546 903
653 238
96 834
167 587
450 197
362 64
678 160
938 565
248 817
492 552
157 543
828 468
119 366
292 847
404 232
627 532
396 901
945 985
348 801
28 428
966 114
512 399
353 397
205 576
824 246
169 867
315 678
101 209
497 963
523 175
539 379
380 950
380 869
939 682
497 923
911 973
626 762
737 500
772 479
904 519
388 580
762 193
604 37
65 411
995 421
71 788
835 469
388 539
191 122
818 836
165 308
468 263
205 175
353 75
197 81
710 20
488 146
634 609
701 55
737 63
890 437
301 223
44 663
959 492
905 397
65 323
458 633
602 619
362 125
876 754
719 763
18 81
437 256
130 667
448 835
230 475
438 140
994 746
521 677
744 602
782 67
892 329
417 538
239 669
629 515
507 848
543 672
44 231
687 992
603 544
479 531
123 909
722 572
372 534
392 205
717 665
520 500
478 570
446 645
333 938
632 460
661 734
875 266
645 614
848 797
570 98
443 866
189 291
879 495
801 34
120 421
525 59
754 731
327 692
893 102
258 920
487 777
637 18
109 517
579 922
625 674
176 738
658 599
621 8
593 157
90 254
968 731
849 780
712 831
752 85
605 891
531 707
369 115
258 335
620 963
685 767
52 437
346 78
794 790
744 3
899 103
112 412
319 729
822 546
292 154
961 696
43 693
411 492
153 822
791 414
582 780
902 451
995 864
851 411
494 315
895 847
388 520
752 855
804 182
160 905
692 881
124 549
603 282
857 83
723 782
863 309
837 566
844 168
426 562
263 383
135 381
47 490
390 842
158 544
223 661
148 671
426 88
148 352
770 292
758 34
201 347
809 332
509 136
52 289
239 431
328 905
897 415
278 559
922 32
4 557
476 777
133 741
32 632
829 260
124 907
920 938
108 948
81 103
764 461
856 504
133 966
198 441
900 291
840 505
376 349
811 216
181 89
88 359
683 670
693 567
53 241
172 878
47 441
913 291
635 843
452 625
427 156
479 971
349 425
268 317
564 803
282 499
37 822
580 377
952 148
91 838
756 976
282 808
717 231
366 841
605 319
726 862
417 500
741 452
967 747
323 484
92 684
206 546
424 449
294 989
422 710
955 793
387 625
149 417
893 631
15 858
860 511
713 920
207 334
492 254
364 779
467 245
332 626
596 762
176 284
159 581
856 778
182 313
188 892
167 374
513 538
172 352
505 504
466 293
917 925
771 573
431 237
319 637
819 130
152 515
153 520
82 600
246 210
257 605
580 952
110 436
122 728
71 873
814 622
566 451
489 813
618 693
632 213
908 906
21 305
578 729
497 763
496 664
571 499
519 775
825 757
265 955
776 169
471 972
647 922
961 321
586 896
159 910
416 948
623 616
768 535
911 555
855 208
439 23
646 758
827 124
820 483
110 877
571 629
36 149
916 357
454 101
839 879
201 458
995 605
303 452
366 622
385 323
275 790
438 272
547 89
936 286
665 676
29 110
169 701
27 517
915 201
383 745
664 292
835 194
756 869
731 418
259 246
630 794
328 42
839 207
620 572
503 155
818 350
797 138
724 535
900 428
180 507
407 441
988 636
371 594
682 867
787 816
716 442
894 125
185 584
748 698
785 924
143 553
127 850
39 914
473 742
231 969
318 186
152 304
469 293
602 757
785 859
646 17
842 778
354 880
110 724
228 526
993 886
543 696
274 352
545 391
277 477
617 587
99 229
486 285
945 319
991 866
458 18
409 69
815 186
530 182
529 391
745 171
620 500
768 430
126 383
768 166
591 3
218 48
285 851
535 200
296 151
576 265
79 957
643 201
509 873
263 190
440 180
293 308
999 413
309 173
114 962
144 346
676 311
276 124
110 291
878 692
159 927
857 568
789 878
518 13
89 795
458 565
813 237
829 289
743 231
852 979
793 520
294 473
612 1
449 531
281 100
823 553
367 604
556 298
58 283
800 559
168 275
580 619
549 442
668 637
65 723
467 669
192 17
666 259
547 572
394 796
289 607
478 458
580 960
533 818
40 652
246 641
887 958
90 34
581 486
177 663
260 329
683 963
969 412
255 64
235 216
502 856
449 475
531 809
122 510
267 97
895 281
241 335
836 830
428 928
358 45
934 704
23 667
672 883
129 668
863 477
985 412
67 721
189 75
562 402
142 231
660 848
675 612
629 8
824 764
80 773
792 716
672 207
593 45
17 385
45 881
592 123
447 821
1000 693
987 500
640 245
511 498
605 129
380 500
867 846
376 837
877 833
447 343
652 193
143 595
810 160
183 180
710 624
822 115
458 281
368 563
503 723
226 357
763 221
987 843
564 916
327 218
935 275
233 970
827 27
790 871
338 268
328 740
391 441
195 142
695 62
301 950
773 268
883 508
773 355
594 625
825 688
846 506
460 251
392 790
241 614
226 669
256 382
385 977
652 401
924 130
526 416
264 327
941 1000
172 523
467 640
774 911
182 388
463 771
872 7
900 966
541 812
426 45
409 230
58 868
593 441
944 992
735 308
894 741
926 32
410 858
84 760
451 103
441 508
902 228
934 973
85 858
210 142
702 618
963 201
215 36
597 32
158 319
401 398
654 752
976 594
802 477
28 341
764 749
383 4
499 442
119 152
785 766
929 156
816 660
720 964
842 398
176 472
913 529
697 64
842 784
570 130
225 264
746 159
839 390
90 964
274 228
502 561
956 114
619 371
672 742
21 69
852 941
231 782
648 425
933 491
448 732
58 21
929 812
199 965
721 726
674 148
592 763
876 672
608 48
508 167
733 527
857 180
94 724
362 224
602 456
303 744
854 932
160 787
952 380
591 873
702 175
983 566
541 457
75 937
32 75
20 299
912 574
727 300
370 138
294 771
861 606
300 687
846 846
294 179
14 282
560 484
830 573
276 923
985 467
539 808
85 280
621 386
338 950
20 35
356 286
434 648
105 338
592 109
51 469
455 420
494 589
533 171
534 176
375 741
320 239
613 794
772 739
245 526
660 893
656 578
873 283
725 87
951 798
310 709
31 579
790 677
214 937
7 146
815 606
838 490
886 669
628 458
925 874
265 707
362 780
45 715
609 844
391 485
759 945
186 593
861 868
949 952
824 318
590 553
880 277
452 420
771 269
583 147
746 358
902 269
70 256
67 644
123 785
37 859
235 833
272 70
207 149
410 415
493 864
195 886
333 658
880 684
995 833
294 838
360 506
789 757
316 842
796 227
3 925
532 129
430 396
977 148
754 394
673 378
683 892
537 396
416 533
0 234
543 856
82 347
193 511
87 960
714 509
57 807
8 445
239 362
347 322
736 897
38 249
370 908
829 771
542 855
486 32
990 846
405 775
115 959
941 695
635 697
985 306
296 185
562 528
389 621
374 313
956 745
326 921
245 424
140 417
462 820
581 163
209 677
573 875
973 428
243 57
161 43
143 366
67 937
981 254
172 705
698 301
282 784
316 75
881 946
24 823
825 15
622 232
165 458
360 9
375 954
310 747
397 330
742 38
216 938
78 74
694 295
922 737
195 490
394 917
301 224
312 914
738 805
825 775
335 109
887 390
969 616
198 120
924 422
497 910
290 823
386 968
84 940
739 640
898 912
327 443
250 963
565 544
123 241
27 33
922 398
5 517
851 498
116 740
199 782
645 271
757 343
302 232
458 913
433 928
435 149
498 531
880 438
876 374
275 430
862 551
738 910
939 734
856 613
56 525
598 982
79 298
10 948
879 240
584 670
688 30
580 347
419 583
449 766
200 362
827 842
6 720
461 703
193 395
538 396
293 167
480 46
288 249
121 541
473 206
758 706
23 528
93 216
618 186
306 311
244 368
398 908
761 679
295 470
323 562
814 515
978 211
322 917
305 767
814 471
191 471
448 983
627 272
804 99
659 686
117 945
492 721
46 994
269 892
666 727
123 217
677 477
322 737
552 405
368 469
824 512
662 530
493 234
280 26
776 683
387 463
200 535
961 55
568 975
955 329
890 618
436 726
341 897
463 705
646 367
570 430
144 193
637 524
286 799
168 970
557 466
754 611
755 646
851 857
934 527
602 739
400 825
761 65
470 938
722 287
10 73
17 985
169 809
627 233
227 111
899 531
480 441
813 519
526 541
460 773
24 381
528 552
714 851
15 202
480 26
508 459
612 315
4 603
604 545
762 771
539 372
573 907
370 950
806 312
663 760
253 560
869 862
489 594
338 674
453 909
133 336
877 852
707 648
391 326
600 800
665 798
685 962
88 198
367 458
589 762
325 542
584 260
476 526
141 275
892 144
844 324
69 183
541 368
935 811
995 749
472 652
853 485
730 559
96 711
56 641
742 173
920 580
544 47
448 141
639 130
571 209
591 161
443 957
856 882
688 722
264 384
164 433
435 32
409 190
476 129
406 792
343 412
753 388
881 951
759 772
948 338
35 83
952 154
468 950
117 906
610 322
573 169
413 970
456 15
724 195
838 58
490 340
193 166
949 226
857 947
106 474
893 274
83 447
68 322
119 214
370 800
705 778
372 85
35 37
692 347
146 558
232 530
730 975
420 478
855 782
694 119
936 663
451 337
507 25
994 803
189 488
434 194
694 440
132 55
661 655
569 981
837 478
617 748
214 860
591 778
118 445
546 42
995 789
802 864
483 186
438 297
813 83
831 614
805 460
843 727
20 904
163 608
805 708
718 326
907 104
407 236
393 917
945 714
163 157
735 802
625 208
387 685
964 775
562 420
251 428
263 183
603 682
124 726
391 621
880 325
821 471
742 605
124 71
483 742
74 927
582 300
776 308
214 538
98 932
227 950
578 225
758 774
164 455
652 244
276 953
597 543
644 373
157 561
189 244
304 996
170 604
751 903
356 660
148 33
387 444
211 437
924 916
226 869
933 512
952 161
712 281
784 290
837 911
493 660
57 405
291 131
431 434
752 727
870 292
7 223
801 116
341 385
191 919
20 72
869 128
503 6
503 390
624 976
899 493
761 983
698 486
211 310
625 825
744 581
646 720
210 358
791 833
721 454
579 844
266 63
320 962
422 275
353 8
969 120
916 129
499 352
105 83
872 521
730 592
775 418
682 724
738 132
598 60
284 340
679 963
342 17
824 0
915 970
185 735
588 58
987 782
822 727
183 108
906 866
73 7
646 695
584 849
135 247
214 109
805 367
997 414
684 848
203 282
748 89
965 27
799 879
260 802
617 381
552 695
43 996
373 95
111 186
296 649
478 483
982 148
25 545
89 881
188 362
201 731
468 849
329 533
376 527
706 826
808 636
764 792
459 141
485 146
889 118
716 30
710 455
354 47
170 207
273 394
387 401
724 334
258 548
971 207
453 759
306 315
314 442
409 197
778 287
273 594
685 553
332 114
465 438
439 691
15 350
439 16
126 777
857 606
819 18
731 916
80 728
486 440
253 784
477 478
520 833
834 157
885 241
735 678
710 869
393 740
366 524
261 290
694 528
797 722
28 943
685 814
65 127
810 280
879 307
539 86
795 411
612 388
126 81
420 541
444 86
301 182
729 587
389 453
475 920
726 776
547 814
749 627
293 88
740 607
150 294
821 775
109 710
391 227
573 874
667 465
209 401
163 290
935 475
626 796
623 963
825 991
153 331
867 430
276 569
671 325
571 581
752 88
891 779
289 401
953 756
694 966
210 462
792 524
424 29
608 112
202 99
793 385
207 212
208 936
808 128
297 184
932 471
518 504
91 289
595 580
13 476
492 220
532 420
137 317
459 515
161 824
134 869
104 890
794 518
840 297
180 638
591 413
502 468
112 190
335 920
622 16
348 287
704 433
842 726
793 487
334 957
57 746
775 212
736 660
302 826
698 493
550 690
747 16
324 243
344 528
157 349
482 711
715 693
420 404
359 15
660 748
728 806
158 933
347 314
322 989
805 786
682 292
215 960
929 564
167 847
576 731
750 526
31 542
43 932
488 924
262 474
190 931
567 514
663 962
767 596
112 70
391 757
95 570
299 598
752 467
821 522
784 358
546 503
172 993
305 773
816 874
607 555
534 194
201 484
554 484
899 409
38 709
17 500
760 238
231 633
226 585
688 562
880 818
886 624
93 201
453 485
517 18
139 973
235 398
802 904
387 798
295 938
106 211
687 856
423 778
429 508
175 231
275 74
220 779
921 364
245 420
851 625
784 27
290 542
678 602
178 1000
366 973
106 759
100 798
755 672
621 581
685 185
139 60
950 957
103 122
837 932
781 358
197 872
973 810
540 625
502 382
640 854
387 124
472 398
39 5
282 957
84 782
743 175
294 519
921 709
595 653
501 637
954 358
526 417
922 415
165 179
181 463
6 536
161 349
711 678
557 613
365 874
652 446
632 776
868 58
478 262
329 295
498 477
703 581
58 777
884 310
826 252
633 437
358 711
747 504
313 901
102 79
239 126
966 840
23 33
674 440
788 385
362 521
865 476
899 282
160 250
258 591
522 488
681 153
751 830
81 554
883 453
231 722
215 993
251 912
167 430
8 808
887 509
245 701
874 319
867 741
111 440
193 761
340 813
388 798
110 487
865 325
285 855
184 736
740 679
937 330
659 531
753 829
263 442
579 281
377 765
807 546
547 924
338 376
698 423
588 298
721 31
928 183
842 783
996 425
436 247
241 852
528 213
180 576
221 283
581 698
354 929
117 81
582 90
563 718
582 919
871 982
177 842
54 65
574 617
645 56
231 501
552 118
497 18
85 425
313 113
398 705
147 181
412 488
19 716
135 285
771 21
119 70
788 664
920 753
797 886
34 143
165 571
838 902
486 645
406 733
665 197
171 174
688 958
563 568
840 368
190 95
898 571
802 824
253 41
505 197
134 291
826 162
267 131
328 409
437 379
524 422
265 708
602 426
664 327
920 778
92 187
215 762
223 82
211 943
28 68
507 441
866 526
7 279
383 41
918 75
655 161
900 305
108 159
863 492
330 238
196 611
687 992
652 578
965 892
654 714
589 501
393 151
966 800
690 93
720 16
19 814
29 371
349 881
557 585
909 888
796 20
34 629
617 400
465 438
617 419
76 210
443 209
725 154
276 915
890 764
363 190
441 230
531 424
265 650
978 69
935 770
420 598
463 887
949 35
513 178
552 768
948 920
249 779
808 245
394 35
946 434
56 76
855 659
635 336
738 278
563 636
730 165
750 222
367 841
627 869
601 856
103 736
401 73
229 841
399 523
615 843
571 452
108 688
448 4
899 673
256 707
639 620
584 957
868 154
982 346
463 422
645 222
345 298
609 371
889 896
845 316
189 90
734 902
967 337
35 412
664 739
561 50
175 729
692 313
779 550
348 857
917 803
440 98
553 597
238 640
291 466
649 733
622 921
464 10
226 170
806 979
559 708
856 121
161 941
123 942
870 793
291 432
645 933
352 208
192 850
228 729
812 945
861 544
838 41
666 732
109 452
61 73
297 346
993 911
281 570
386 470
848 572
626 472
111 89
368 312
127 943
358 110
17 990
63 463
246 846
300 251
193 674
845 681
787 521
686 591
453 943
612 465
957 928
407 945
840 780
664 550
78 909
100 131
1 291
853 120
872 821
939 379
772 877
808 180
682 672
564 411
535 970
825 518
588 85
710 71
894 999
391 81
520 312
95 218
323 48
812 82
91 250
870 524
933 151
911 213
415 956
197 349
329 967
80 954
269 737
90 714
288 728
832 698
590 48
688 425
542 432
336 220
679 395
841 199
721 567
361 18
691 383
196 368
561 577
303 248
932 310
138 458
875 489
651 993
350 879
685 853
539 531
991 52
604 145
208 408
711 49
286 693
591 192
184 628
430 643
416 694
599 95
494 411
748 41
443 382
185 630
592 958
881 208
384 205
790 957
874 520
996 785
237 788
37 451
470 386
623 567
985 496
453 844
316 671
101 592
793 316
779 694
489 175
21 91
249 271
77 730
137 82
211 741
718 221
272 423
468 712
593 197
877 295
978 819
667 809
181 930
323 338
570 456
481 80
705 355
450 406
166 809
429 411
207 260
986 310
716 486
593 905
673 397
541 823
708 605
988 391
659 950
621 917
478 91
176 484
559 797
562 913
939 259
31 880
411 669
83 113
982 415
648 110
76 779
339 672
934 595
463 656
316 258
894 710
947 116
4 837
262 690
274 503
214 723
460 176
75 854
425 826
484 617
217 124
763 668
289 299
401 939
159 138
797 580
958 873
484 848
848 709
530 878
237 92
317 908
218 720
337 672
687 645
138 394
255 798
26 621
140 781
387 714
682 764
41 366
262 394
708 278
199 621
248 255
119 343
715 925
988 837
758 849
161 832
173 631
829 29
849 65
448 794
658 21
216 790
494 82
290 83
256 697
74 546
787 308
759 378
768 150
637 87
451 824
525 727
229 885
261 898
546 179
155 758
523 861
311 223
711 140
489 555
463 850
20 560
160 612
102 392
883 991
150 12
463 175
797 727
544 568
661 538
389 568
103 160
796 385
968 322
744 598
976 949
689 786
99 109
184 952
791 339
98 533
339 325
126 865
837 813
740 973
720 999
1 562
486 293
592 769
227 445
163 508
874 816
413 819
925 500
149 40
931 77
881 289
178 987
232 822
590 939
354 64
842 1000
313 427
387 208
75 979
727 407
170 864
827 713
616 456
684 785
559 182
541 259
486 864
787 599
660 473
737 574
685 128
298 623
447 294
258 286
485 350
735 680
180 108
758 334
23 967
206 23
466 105
183 790
18 130
77 125
221 229
469 375
321 157
881 135
756 570
514 80
938 953
47 211
693 230
207 593
573 128
538 660
292 130
631 566
960 770
102 815
6 686
707 547
879 41
591 116
55 167
232 519
470 749
667 800
176 710
873 580
843 766
327 68
388 38
389 799
133 292
357 359
252 431
101 512
941 680
473 13
813 955
996 268
70 793
5 534
193 562
389 698
717 350
991 995
866 387
625 594
341 963
167 757
363 833
437 311
583 377
864 365
52 602
349 640
114 960
785 325
527 682
143 113
272 449
674 881
378 95
750 757
754 312
166 908
210 229
878 19
923 323
344 634
465 498
177 691
785 462
874 175
372 343
274 840
525 969
686 701
282 437
995 252
778 134
562 334
471 511
405 3
456 360
646 817
202 253
89 187
173 86
137 934
870 955
510 937
887 666
896 607
974 684
139 310
372 854
822 768
263 672
722 27
648 508
575 1000
725 350
709 744
695 756
6 969
513 515
506 734
276 619
416 686
958 260
709 539
750 928
756 962
271 630
982 182
497 252
147 622
612 718
284 285
668 772
53 933
476 35
784 541
480 302
60 376
384 198
570 595
598 351
104 28
839 83
842 813
796 661
481 367
579 761
971 379
672 30
462 988
284 674
250 548
909 928
535 395
254 972
485 523
789 313
91 686
439 753
334 480
403 951
144 220
606 35
201 447
454 214
425 466
79 426
449 98
0 10
432 348
721 819
366 391
513 751
295 915
356 134
795 363
810 294
353 672
679 675
61 441
564 337
966 371
746 280
828 958
66 3
86 336
754 488
304 294
149 830
763 697
653 76
135 543
932 958
131 98
870 493
779 177
883 774
807 714
5 791
466 488
249 469
926 540
145 515
214 748
814 63
934 976
114 607
571 725
66 11
157 523
735 685
901 338
619 499
648 823
440 859
30 390
788 331
190 560
318 576
66 216
908 561
205 432
757 959
803 108
784 847
879 943
200 132
535 479
500 391
948 886
612 787
634 349
516 731
235 173
780 212
763 94
106 927
122 457
761 989
788 964
760 854
315 25
609 723
35 835
596 680
13 11
959 39
741 265
784 428
863 54
403 364
800 950
907 880
737 922
60 851
945 7
881 823
475 783
794 912
257 360
175 972
655 35
955 687
578 745
555 30
166 585
117 374
727 399
297 17
453 201
891 84
573 718
695 472
656 946
474 697
180 354
398 498
462 872
781 637
238 94
330 298
642 943
609 205
334 44
205 610
86 248
385 948
464 144
553 431
605 306
409 809
727 296
601 752
814 877
565 653
613 336
460 540
406 481
268 340
27 135
897 48
848 195
919 833
263 142
226 800
194 170
951 128
147 845
186 623
456 191
552 287
985 718
776 320
897 95
929 135
586 393
700 498
706 278
829 370
170 845
815 480
242 79
162 189
277 924
920 510
371 806
207 252
453 880
268 273
947 815
532 773
482 662
401 980
835 861
567 647
208 98
584 431
909 761
444 425
968 348
111 190
749 405
534 426
898 647
737 154
29 521
233 750
876 90
121 869
340 948
456 256
33 551
710 392
518 804
997 836
368 78
180 835
388 984
242 72
810 217
395 353
987 280
219 513
972 914
386 128
174 176
66 31
623 988
304 860
951 690
984 398
981 868
549 168
852 989
323 295
49 818
15 556
133 796
497 495
19 747
735 754
216 704
66 186
568 974
165 412
662 806
970 594
208 959
133 814
870 404
916 98
209 729
370 794
159 200
536 670
524 725
488 922
261 798
573 599
686 248
841 931
216 680
584 469
243 676
694 44
387 521
283 249
204 264
82 196
922 589
336 925
447 212
947 317
52 927
47 118
76 392
669 303
123 987
222 831
89 929
283 463
683 997
110 826
383 892
885 263
692 933
386 913
969 824
836 389
213 270
309 623
498 485
515 771
49 186
801 383
4 545
932 329
520 830
246 858
564 227
35 817
461 503
367 58
548 34
908 850
503 70
717 790
439 155
378 509
758 491
749 346
947 579
973 190
475 198
456 600
399 508
470 504
51 981
701 190
690 807
796 892
889 289
21 941
276 433
30 221
589 290
7 842
869 95
613 187
701 865
955 373
647 425
898 222
342 416
629 211
615 648
431 673
13 710
28 983
311 419
368 88
824 716
178 808
9 838
18 110
88 760
447 225
991 257
944 387
920 433
239 60
675 314
816 302
495 911
35 166
280 503
382 797
58 517
567 776
830 42
574 705
467 847
12 942
807 403
559 284
175 230
125 478
604 80
824 704
342 835
625 988
598 198
74 563
28 290
639 246
937 311
819 295
773 285
232 223
20 836
761 463
480 44
413 176
601 224
492 200
605 331
829 547
421 595
926 5
292 309
250 509
702 52
93 74
956 538
176 137
476 649
470 5
887 86
240 45
137 324
535 110
359 150
326 731
844 287
681 138
176 879
286 800
859 899
881 354
10 399
898 63
141 213
686 578
364 21
715 93
450 531
623 315
422 345
160 159
496 394
510 983
536 703
459 440
518 118
166 469
377 981
888 208
918 9
414 964
555 370
76 650
818 997
308 635
569 102
908 482
292 189
433 893
454 77
334 75
985 705
409 819
506 129
861 835
606 555
939 278
359 1000
117 806
330 136
395 430
478 769
817 299
186 804
145 903
498 922
366 321
385 18
793 547
593 783
107 587
457 848
600 0
287 943
860 887
952 252
765 45
287 764
335 321
587 76
512 641
46 457
104 925
785 373
381 677
673 400
840 891
36 127
164 501
720 52
690 69
218 410
715 75
903 599
740 618
509 982
956 530
517 270
164 361
871 984
166 107
169 71
82 100
963 68
956 417
362 527
445 308
853 448
107 795
546 648
128 561
457 733
604 267
194 488
530 462
75 276
666 183
584 817
660 412
497 845
300 1
480 919
950 264
567 105
382 158
813 676
167 630
75 939
522 809
634 372
500 748
680 396
339 677
482 821
861 934
807 379
596 564
265 420
949 41
938 511
508 823
414 884
148 195
937 65
730 931
622 403
471 821
952 196
92 80
647 703
246 382
56 181
40 790
144 603
757 553
132 125
494 909
562 293
73 276
706 124
770 484
384 751
123 918
598 119
439 767
462 93
848 203
66 789
910 180
833 957
209 406
262 345
913 892
504 262
475 18
718 204
370 425
661 706
467 592
37 315
254 486
44 34
885 651
598 465
225 963
203 929
399 124
339 899
673 251
323 800
666 95
515 455
605 412
950 963
814 711
970 103
571 943
224 682
353 11
522 426
440 65
369 548
689 978
406 525
309 40
103 683
81 364
413 491
615 852
129 243
379 361
638 419
268 19
334 323
251 647
802 388
62 559
360 520
829 391
239 311
2 466
670 192
148 904
202 308
369 227
380 321
821 190
387 67
723 42
652 957
874 705
197 841
566 24
216 318
707 875
372 822
458 507
776 538
510 938
61 306
84 831
266 216
875 117
982 192
235 633
614 22
264 634
698 220
415 125
524 256
812 287
420 379
795 95
290 710
19 113
438 101
859 186
349 236
728 799
25 765
480 466
842 136
121 448
123 80
729 51
856 918
35 830
610 477
870 249
564 155
375 834
932 936
288 244
596 801
420 536
536 376
392 433
959 517
273 761
214 186
292 220
694 408
722 338
710 99
28 54
341 63
836 806
386 153
829 436
839 712
663 448
923 993
811 521
526 27
566 837
621 635
344 908
188 317
453 759
1000 151
259 855
212 84
358 606
439 754
985 789
375 326
768 418
714 965
958 411
605 799
486 393
816 204
284 869
380 756
832 625
468 831
235 850
23 492
273 736
747 880
573 161
246 223
840 147
181 915
933 296
66 813
365 513
370 770
828 39
606 363
163 340
474 474
68 526
231 860
407 611
266 673
709 632
123 348
577 181
759 17
598 929
272 993
3 144
533 71
621 213
483 259
182 52
357 203
76 49
756 446
764 167
390 555
434 651
691 15
27 797
764 374
31 187
167 208
62 100
139 912
300 775
572 576
56 582
188 946
966 415
303 730
680 562
435 979
653 615
647 14
4 42
706 896
175 574
873 475
917 803
498 514
573 20
865 355
816 318
254 912
29 457
758 288
