921 150
900 431
427 138
212 192
432 599
864 758
681 246
106 202
732 731
513 464
920 713
73 847
955 110
810 65
966 667
25 882
954 886
370 828
180 265
850 368
968 255
415 892
686 408
952 939
790 450
425 693
83 788
273 630
178 665
439 315
141 255
680 81
902 464
478 972
259 960
736 607
356 618
944 662
700 747
182 962
460 727
615 524
75 329
60 669
612 900
830 964
78 986
280 683
992 194
316 58
709 669
633 753
861 488
383 48
36 225
192 281
759 905
820 423
911 418
378 158
702 125
11 380
43 156
600 634
100 332
5 548
608 173
395 116
350 909
402 680
812 34
612 731
173 919
482 16
32 938
21 48
388 415
322 795
711 957
515 6
372 192
784 191
853 446
733 611
426 362
316 272
798 809
833 801
586 176
200 511
769 934
594 136
178 819
383 648
195 724
107 572
782 43
338 877
353 93
747 157
